"Clumped CO2 Iterative Analysis,         Data File Version 10"
"Started analysis at 6:50:02 AM on the Saturday, December 16, 2017"
"UTC FileTimeLow",27316480," UTC FileTimeHigh",30635620
"Time Zone ","Eastern Daylight Time"
"CO Disabled",#FALSE#
"Persective Instrument","PS019"
"User logged in",#FALSE#
"Software Version","Stable 1.69.5"
"Axial Mass is :",46
"No_C_O_Cycles",20
"Num Blocks",3
0
-1
-1
-1
-1
0
-1
0
-1
0
"Sample Name is ","ETH4"
Zero Data
-1.055768540219E-13, -5.121379039033E-14, -5.788051549822E-14, -2.244653454672E-14, 1.201451969596E-13, 4.678670992297E-12, Measured at start of run
Run Aborted
Individual Data
No_C_O_Cycles                20 
Cycle_Length   20 
Zero_Measurement_Length      20 
Axial_Mass     46 
 Gas          Bla
0.000000E+00  -1.055075E-13 -1.055039E-13 -1.055897E-13 -1.055683E-13 -1.056255E-13 -1.055683E-13 -1.055504E-13 -1.056899E-13 -1.056577E-13 -1.056434E-13 -1.056183E-13 -1.056219E-13 -1.055361E-13 -1.054932E-13 -1.055969E-13 -1.057077E-13 -1.054610E-13 -1.054932E-13 -1.055575E-13 -1.055468E-13
0.000000E+00  -5.123382E-14 -5.116587E-14 -5.118017E-14 -5.127316E-14 -5.141621E-14 -5.129461E-14 -5.111580E-14 -5.120163E-14 -5.122667E-14 -5.121594E-14 -5.124097E-14 -5.125170E-14 -5.132322E-14 -5.128031E-14 -5.108719E-14 -5.099778E-14 -5.110507E-14 -5.116945E-14 -5.121594E-14 -5.128031E-14
0.000000E+00  -5.787497E-14 -5.784279E-14 -5.778556E-14 -5.785352E-14 -5.795007E-14 -5.789286E-14 -5.787140E-14 -5.773550E-14 -5.778556E-14 -5.798584E-14 -5.793577E-14 -5.789286E-14 -5.788927E-14 -5.796796E-14 -5.790001E-14 -5.779272E-14 -5.787497E-14 -5.790358E-14 -5.798584E-14 -5.788927E-14
0.000000E+00  -2.170803E-14 -2.120735E-14 -2.138617E-14 -2.206566E-14 -2.235176E-14 -2.167227E-14 -2.228024E-14 -2.228024E-14 -2.228024E-14 -2.288821E-14 -2.324583E-14 -2.245905E-14 -2.281668E-14 -2.274516E-14 -2.285244E-14 -2.224448E-14 -2.303126E-14 -2.310278E-14 -2.288821E-14 -2.342465E-14
0.000000E+00  1.212360E-13  1.230241E-13  1.226665E-13  1.187326E-13  1.223088E-13  1.219512E-13  1.198055E-13  1.208783E-13  1.219512E-13  1.205207E-13  1.169444E-13  1.212360E-13  1.194478E-13  1.187326E-13  1.187326E-13  1.187326E-13  1.190902E-13  1.183749E-13  1.190902E-13  1.194478E-13
0.000000E+00  4.863744E-12  4.899507E-12  4.881625E-12  4.720692E-12  4.720692E-12  4.827981E-12  4.720692E-12  4.720692E-12  4.738574E-12  4.684930E-12  4.631285E-12  4.684930E-12  4.595522E-12  4.649167E-12  4.559760E-12  4.541878E-12  4.595522E-12  4.577641E-12  4.488234E-12  4.470352E-12
Gas           Ref
0.000000E+00  -1.032795E-13 -1.031972E-13 -1.030720E-13 -1.031328E-13 -1.032258E-13 -1.030863E-13 -1.031185E-13 -1.032079E-13 -1.031865E-13 -1.032043E-13 -1.032473E-13 -1.031900E-13 -1.031543E-13 -1.033188E-13 -1.033331E-13 -1.033331E-13 -1.032580E-13 -1.033081E-13 -1.031149E-13 -1.032830E-13
0.000000E+00  1.182104E-13  1.181639E-13  1.181461E-13  1.180137E-13  1.178313E-13  1.179136E-13  1.178099E-13  1.176704E-13  1.176060E-13  1.173414E-13  1.171447E-13  1.170302E-13  1.171948E-13  1.172806E-13  1.168479E-13  1.168479E-13  1.168693E-13  1.166977E-13  1.167656E-13  1.166977E-13
0.000000E+00  1.724029E-12  1.723139E-12  1.721747E-12  1.720700E-12  1.719627E-12  1.719197E-12  1.717949E-12  1.716519E-12  1.715010E-12  1.714745E-12  1.713948E-12  1.712624E-12  1.712306E-12  1.711383E-12  1.710571E-12  1.710446E-12  1.709531E-12  1.707854E-12  1.707321E-12  1.706613E-12
0.000000E+00  1.537489E-10  1.536763E-10  1.535643E-10  1.534789E-10  1.534108E-10  1.533262E-10  1.532097E-10  1.531402E-10  1.530365E-10  1.529873E-10  1.528955E-10  1.528046E-10  1.527841E-10  1.526754E-10  1.526048E-10  1.525483E-10  1.524710E-10  1.523828E-10  1.523289E-10  1.522720E-10
0.000000E+00  4.398873E-10  4.396931E-10  4.393681E-10  4.391281E-10  4.389121E-10  4.387104E-10  4.383724E-10  4.381496E-10  4.378539E-10  4.377513E-10  4.374812E-10  4.372298E-10  4.371318E-10  4.368436E-10  4.366376E-10  4.364920E-10  4.362374E-10  4.360135E-10  4.358483E-10  4.356763E-10
0.000000E+00  3.693631E-08  3.691943E-08  3.689203E-08  3.687177E-08  3.685436E-08  3.683599E-08  3.680785E-08  3.678916E-08  3.676538E-08  3.675429E-08  3.673316E-08  3.671052E-08  3.670220E-08  3.667921E-08  3.666304E-08  3.664908E-08  3.662841E-08  3.660911E-08  3.659568E-08  3.658204E-08
Gas           Sam
0.000000E+00  -1.042915E-13 -1.043452E-13 -1.043631E-13 -1.044310E-13 -1.043738E-13 -1.043774E-13 -1.043631E-13 -1.042594E-13 -1.043273E-13 -1.042915E-13 -1.043166E-13 -1.041449E-13 -1.042880E-13 -1.042057E-13 -1.041699E-13 -1.042450E-13 -1.044739E-13 -1.042701E-13 -1.043380E-13 -1.043952E-13
0.000000E+00  3.588084E-14  3.585223E-14  3.578786E-14  3.583435E-14  3.589872E-14  3.571275E-14  3.575924E-14  3.563050E-14  3.553394E-14  3.569130E-14  3.570918E-14  3.567699E-14  3.569487E-14  3.571633E-14  3.565553E-14  3.543023E-14  3.556255E-14  3.551964E-14  3.557328E-14  3.556612E-14
0.000000E+00  8.535870E-13  8.533224E-13  8.530362E-13  8.528896E-13  8.522709E-13  8.522638E-13  8.524355E-13  8.519205E-13  8.513018E-13  8.509835E-13  8.507618E-13  8.508869E-13  8.508976E-13  8.504327E-13  8.503791E-13  8.499213E-13  8.495780E-13  8.497103E-13  8.491095E-13  8.481904E-13
0.000000E+00  7.906108E-11  7.904957E-11  7.902439E-11  7.900140E-11  7.898229E-11  7.896949E-11  7.894682E-11  7.893552E-11  7.891081E-11  7.889643E-11  7.887634E-11  7.885827E-11  7.883270E-11  7.880677E-11  7.878202E-11  7.877526E-11  7.873593E-11  7.871572E-11  7.869191E-11  7.867080E-11
0.000000E+00  2.259327E-10  2.258769E-10  2.258243E-10  2.257589E-10  2.257024E-10  2.256752E-10  2.256083E-10  2.255504E-10  2.255111E-10  2.254653E-10  2.253894E-10  2.253426E-10  2.252675E-10  2.252124E-10  2.251219E-10  2.250941E-10  2.250104E-10  2.249578E-10  2.248881E-10  2.248151E-10
0.000000E+00  1.908721E-08  1.908277E-08  1.907784E-08  1.907272E-08  1.906777E-08  1.906539E-08  1.906067E-08  1.905622E-08  1.905161E-08  1.904758E-08  1.904170E-08  1.903809E-08  1.903151E-08  1.902686E-08  1.901955E-08  1.901702E-08  1.900957E-08  1.900503E-08  1.899891E-08  1.899326E-08
Gas           Ref
0.000000E+00  -1.031900E-13 -1.031435E-13 -1.031435E-13 -1.033832E-13 -1.034046E-13 -1.033724E-13 -1.032759E-13 -1.032687E-13 -1.033903E-13 -1.032616E-13 -1.034118E-13 -1.036442E-13 -1.033939E-13 -1.033796E-13 -1.034475E-13 -1.033295E-13 -1.033474E-13 -1.033331E-13 -1.033796E-13 -1.033474E-13
0.000000E+00  1.142551E-13  1.143445E-13  1.142872E-13  1.141335E-13  1.141943E-13  1.141800E-13  1.140047E-13  1.138617E-13  1.140083E-13  1.139547E-13  1.139046E-13  1.136364E-13  1.137007E-13  1.138509E-13  1.136936E-13  1.137258E-13  1.131893E-13  1.132966E-13  1.133538E-13  1.129783E-13
0.000000E+00  1.681621E-12  1.680706E-12  1.680066E-12  1.679987E-12  1.678896E-12  1.678542E-12  1.677398E-12  1.677280E-12  1.676078E-12  1.675009E-12  1.674412E-12  1.674626E-12  1.673121E-12  1.672159E-12  1.671973E-12  1.670614E-12  1.670074E-12  1.669119E-12  1.668336E-12  1.667846E-12
0.000000E+00  1.501093E-10  1.500812E-10  1.499750E-10  1.499007E-10  1.498599E-10  1.497786E-10  1.496944E-10  1.496418E-10  1.495939E-10  1.495553E-10  1.494562E-10  1.494439E-10  1.493453E-10  1.492977E-10  1.492209E-10  1.491530E-10  1.490975E-10  1.490448E-10  1.489501E-10  1.489027E-10
0.000000E+00  4.295111E-10  4.293970E-10  4.291195E-10  4.289150E-10  4.287701E-10  4.285559E-10  4.283324E-10  4.281829E-10  4.280452E-10  4.279544E-10  4.276489E-10  4.275828E-10  4.273492E-10  4.272080E-10  4.270060E-10  4.267817E-10  4.266429E-10  4.264859E-10  4.262224E-10  4.260686E-10
0.000000E+00  3.606602E-08  3.605547E-08  3.603378E-08  3.601670E-08  3.600445E-08  3.598564E-08  3.596618E-08  3.595362E-08  3.594146E-08  3.593473E-08  3.590939E-08  3.590437E-08  3.588406E-08  3.587135E-08  3.585305E-08  3.583621E-08  3.582442E-08  3.581092E-08  3.578902E-08  3.577680E-08
Gas           Sam
0.000000E+00  -1.043702E-13 -1.043809E-13 -1.042808E-13 -1.041699E-13 -1.042236E-13 -1.043452E-13 -1.044525E-13 -1.044239E-13 -1.044596E-13 -1.044847E-13 -1.043166E-13 -1.042558E-13 -1.043917E-13 -1.042737E-13 -1.042486E-13 -1.044346E-13 -1.044417E-13 -1.044274E-13 -1.043130E-13 -1.043416E-13
0.000000E+00  3.444317E-14  3.429297E-14  3.395322E-14  3.396753E-14  3.422859E-14  3.417137E-14  3.397468E-14  3.368142E-14  3.392104E-14  3.408197E-14  3.412131E-14  3.393892E-14  3.382448E-14  3.363493E-14  3.387455E-14  3.374222E-14  3.366355E-14  3.377798E-14  3.377441E-14  3.385666E-14
0.000000E+00  8.343574E-13  8.341857E-13  8.342178E-13  8.338173E-13  8.336743E-13  8.339353E-13  8.338173E-13  8.334131E-13  8.330699E-13  8.325906E-13  8.329447E-13  8.329518E-13  8.324405E-13  8.323761E-13  8.321579E-13  8.311101E-13  8.311458E-13  8.313676E-13  8.310922E-13  8.308419E-13
0.000000E+00  7.743663E-11  7.742533E-11  7.742228E-11  7.741045E-11  7.739157E-11  7.738456E-11  7.736210E-11  7.736353E-11  7.733510E-11  7.733206E-11  7.730284E-11  7.728689E-11  7.727652E-11  7.725342E-11  7.723160E-11  7.721043E-11  7.719559E-11  7.717366E-11  7.715740E-11  7.714681E-11
0.000000E+00  2.213046E-10  2.212760E-10  2.212542E-10  2.212202E-10  2.211841E-10  2.211437E-10  2.210836E-10  2.210929E-10  2.210110E-10  2.209967E-10  2.209241E-10  2.208941E-10  2.208393E-10  2.207832E-10  2.207067E-10  2.206491E-10  2.206212E-10  2.205765E-10  2.205153E-10  2.204574E-10
0.000000E+00  1.869662E-08  1.869401E-08  1.869224E-08  1.868917E-08  1.868638E-08  1.868336E-08  1.867817E-08  1.867867E-08  1.867202E-08  1.867107E-08  1.866531E-08  1.866242E-08  1.865818E-08  1.865375E-08  1.864682E-08  1.864126E-08  1.863949E-08  1.863467E-08  1.862955E-08  1.862571E-08
Gas           Ref
0.000000E+00  -1.033152E-13 -1.033581E-13 -1.033402E-13 -1.033367E-13 -1.033081E-13 -1.033724E-13 -1.034010E-13 -1.035548E-13 -1.035155E-13 -1.035942E-13 -1.035226E-13 -1.033474E-13 -1.033152E-13 -1.034475E-13 -1.033796E-13 -1.033617E-13 -1.034511E-13 -1.034618E-13 -1.035262E-13 -1.033510E-13
0.000000E+00  1.106287E-13  1.108147E-13  1.109148E-13  1.106609E-13  1.105500E-13  1.105965E-13  1.105000E-13  1.104749E-13  1.103319E-13  1.102210E-13  1.102747E-13  1.101960E-13  1.099528E-13  1.097990E-13  1.098848E-13  1.098097E-13  1.098097E-13  1.098741E-13  1.098062E-13  1.095058E-13
0.000000E+00  1.644635E-12  1.643960E-12  1.643963E-12  1.643287E-12  1.641224E-12  1.641131E-12  1.640916E-12  1.640008E-12  1.638753E-12  1.637633E-12  1.637129E-12  1.636256E-12  1.635291E-12  1.634711E-12  1.634862E-12  1.634193E-12  1.632927E-12  1.631689E-12  1.631432E-12  1.631514E-12
0.000000E+00  1.469119E-10  1.468570E-10  1.467972E-10  1.467128E-10  1.466551E-10  1.466317E-10  1.465246E-10  1.464965E-10  1.464238E-10  1.463463E-10  1.462866E-10  1.462378E-10  1.461384E-10  1.461007E-10  1.460343E-10  1.459891E-10  1.459095E-10  1.458509E-10  1.458208E-10  1.457441E-10
0.000000E+00  4.203791E-10  4.202149E-10  4.200429E-10  4.198258E-10  4.196592E-10  4.195816E-10  4.193084E-10  4.191824E-10  4.189779E-10  4.187751E-10  4.185906E-10  4.184926E-10  4.181947E-10  4.180545E-10  4.178564E-10  4.177519E-10  4.175352E-10  4.173693E-10  4.172609E-10  4.170646E-10
0.000000E+00  3.530025E-08  3.528589E-08  3.527228E-08  3.525347E-08  3.523968E-08  3.523180E-08  3.521032E-08  3.519956E-08  3.518235E-08  3.516535E-08  3.514983E-08  3.514049E-08  3.511589E-08  3.510493E-08  3.508853E-08  3.507970E-08  3.505933E-08  3.504801E-08  3.503896E-08  3.502224E-08
Gas           Sam
0.000000E+00  -1.042737E-13 -1.042951E-13 -1.043595E-13 -1.044847E-13 -1.044346E-13 -1.043917E-13 -1.045240E-13 -1.044525E-13 -1.044096E-13 -1.044417E-13 -1.044489E-13 -1.044596E-13 -1.043023E-13 -1.043845E-13 -1.044954E-13 -1.044167E-13 -1.044560E-13 -1.045383E-13 -1.045061E-13 -1.044525E-13
0.000000E+00  3.251198E-14  3.247979E-14  3.240469E-14  3.246549E-14  3.240111E-14  3.239396E-14  3.232601E-14  3.237250E-14  3.226879E-14  3.239396E-14  3.261212E-14  3.236535E-14  3.245834E-14  3.226164E-14  3.223661E-14  3.209713E-14  3.230813E-14  3.225807E-14  3.194693E-14  3.198627E-14
0.000000E+00  8.184572E-13  8.180351E-13  8.183785E-13  8.178814E-13  8.174093E-13  8.172126E-13  8.172770E-13  8.172269E-13  8.165404E-13  8.168693E-13  8.168264E-13  8.159538E-13  8.157678E-13  8.160360E-13  8.158930E-13  8.155747E-13  8.153745E-13  8.149596E-13  8.145411E-13  8.144124E-13
0.000000E+00  7.600944E-11  7.601173E-11  7.600200E-11  7.599088E-11  7.595923E-11  7.595512E-11  7.593813E-11  7.592583E-11  7.591624E-11  7.590262E-11  7.586868E-11  7.586123E-11  7.584064E-11  7.583893E-11  7.581918E-11  7.579587E-11  7.577130E-11  7.576014E-11  7.573629E-11  7.571476E-11
0.000000E+00  2.172395E-10  2.172180E-10  2.172134E-10  2.171536E-10  2.170953E-10  2.170646E-10  2.170249E-10  2.169866E-10  2.169727E-10  2.169341E-10  2.168418E-10  2.168107E-10  2.167728E-10  2.167324E-10  2.166945E-10  2.166261E-10  2.165435E-10  2.165485E-10  2.164595E-10  2.164133E-10
0.000000E+00  1.835382E-08  1.835266E-08  1.835230E-08  1.834765E-08  1.834148E-08  1.833967E-08  1.833560E-08  1.833354E-08  1.833172E-08  1.832807E-08  1.832088E-08  1.831802E-08  1.831457E-08  1.831196E-08  1.830831E-08  1.830200E-08  1.829585E-08  1.829467E-08  1.828839E-08  1.828387E-08
Gas           Ref
0.000000E+00  -1.034046E-13 -1.033331E-13 -1.033939E-13 -1.033260E-13 -1.033545E-13 -1.032473E-13 -1.030899E-13 -1.033438E-13 -1.033724E-13 -1.033832E-13 -1.035369E-13 -1.035369E-13 -1.034726E-13 -1.032902E-13 -1.032330E-13 -1.033009E-13 -1.033188E-13 -1.032258E-13 -1.033617E-13 -1.033867E-13
0.000000E+00  1.074279E-13  1.071275E-13  1.071705E-13  1.073564E-13  1.071347E-13  1.069201E-13  1.070953E-13  1.070024E-13  1.067449E-13  1.065875E-13  1.066626E-13  1.063872E-13  1.064230E-13  1.065696E-13  1.063157E-13  1.063837E-13  1.063515E-13  1.063086E-13  1.062728E-13  1.062978E-13
0.000000E+00  1.608901E-12  1.607449E-12  1.606927E-12  1.606530E-12  1.606216E-12  1.605557E-12  1.604277E-12  1.603262E-12  1.603072E-12  1.602042E-12  1.601262E-12  1.600783E-12  1.600411E-12  1.599574E-12  1.598827E-12  1.598058E-12  1.597454E-12  1.596878E-12  1.596295E-12  1.595240E-12
0.000000E+00  1.438359E-10  1.437398E-10  1.437181E-10  1.436386E-10  1.435752E-10  1.435361E-10  1.434757E-10  1.434015E-10  1.433358E-10  1.432762E-10  1.432014E-10  1.431541E-10  1.430702E-10  1.430069E-10  1.429800E-10  1.429038E-10  1.428524E-10  1.428044E-10  1.427501E-10  1.426737E-10
0.000000E+00  4.116154E-10  4.113418E-10  4.112517E-10  4.110375E-10  4.108547E-10  4.107503E-10  4.105404E-10  4.103587E-10  4.101778E-10  4.100018E-10  4.097725E-10  4.096478E-10  4.094382E-10  4.092501E-10  4.091421E-10  4.089564E-10  4.087869E-10  4.086417E-10  4.084976E-10  4.083052E-10
0.000000E+00  3.456539E-08  3.454310E-08  3.453521E-08  3.451670E-08  3.450179E-08  3.449246E-08  3.447611E-08  3.445844E-08  3.444446E-08  3.443007E-08  3.441181E-08  3.439994E-08  3.438107E-08  3.436650E-08  3.435790E-08  3.434111E-08  3.432855E-08  3.431605E-08  3.430397E-08  3.428655E-08
Gas           Sam
0.000000E+00  -1.044632E-13 -1.044382E-13 -1.044954E-13 -1.043881E-13 -1.043094E-13 -1.044525E-13 -1.044632E-13 -1.043917E-13 -1.043094E-13 -1.043488E-13 -1.043023E-13 -1.042772E-13 -1.043237E-13 -1.044918E-13 -1.044239E-13 -1.045025E-13 -1.044632E-13 -1.043023E-13 -1.044310E-13 -1.044203E-13
0.000000E+00  3.084186E-14  3.077391E-14  3.103498E-14  3.115657E-14  3.092053E-14  3.098491E-14  3.121022E-14  3.074530E-14  3.077033E-14  3.088477E-14  3.078106E-14  3.087762E-14  3.089908E-14  3.083828E-14  3.078464E-14  3.062013E-14  3.047708E-14  3.057363E-14  3.081682E-14  3.049496E-14
0.000000E+00  8.017488E-13  8.017595E-13  8.017523E-13  8.015307E-13  8.019777E-13  8.013018E-13  8.012374E-13  8.007438E-13  8.010514E-13  8.013804E-13  8.012840E-13  8.005722E-13  8.006009E-13  8.004005E-13  8.000393E-13  7.997568E-13  7.994243E-13  7.995387E-13  7.995136E-13  7.991167E-13
0.000000E+00  7.462574E-11  7.462263E-11  7.461090E-11  7.459938E-11  7.459262E-11  7.458025E-11  7.455815E-11  7.454155E-11  7.452958E-11  7.452225E-11  7.451455E-11  7.449589E-11  7.448398E-11  7.447686E-11  7.445734E-11  7.444213E-11  7.441399E-11  7.440377E-11  7.439257E-11  7.438009E-11
0.000000E+00  2.132966E-10  2.132773E-10  2.132430E-10  2.132094E-10  2.131979E-10  2.131589E-10  2.131157E-10  2.130617E-10  2.130134E-10  2.129751E-10  2.129737E-10  2.129079E-10  2.128825E-10  2.128700E-10  2.127949E-10  2.127584E-10  2.127019E-10  2.126597E-10  2.126089E-10  2.125967E-10
0.000000E+00  1.802046E-08  1.801981E-08  1.801615E-08  1.801314E-08  1.801244E-08  1.800991E-08  1.800511E-08  1.800111E-08  1.799700E-08  1.799394E-08  1.799397E-08  1.798839E-08  1.798573E-08  1.798516E-08  1.797904E-08  1.797548E-08  1.797073E-08  1.796722E-08  1.796361E-08  1.796186E-08
Gas           Ref
0.000000E+00  -1.032115E-13 -1.032938E-13 -1.035262E-13 -1.034154E-13 -1.035584E-13 -1.035012E-13 -1.033402E-13 -1.034547E-13 -1.034833E-13 -1.035977E-13 -1.036514E-13 -1.036299E-13 -1.034797E-13 -1.034726E-13 -1.034940E-13 -1.033474E-13 -1.033438E-13 -1.033367E-13 -1.034118E-13 -1.034010E-13
0.000000E+00  1.042987E-13  1.040805E-13  1.038338E-13  1.038266E-13  1.036979E-13  1.036120E-13  1.037086E-13  1.039089E-13  1.036049E-13  1.033331E-13  1.031400E-13  1.031614E-13  1.033689E-13  1.033867E-13  1.032151E-13  1.030613E-13  1.030828E-13  1.030398E-13  1.030935E-13  1.029254E-13
0.000000E+00  1.573832E-12  1.572895E-12  1.572516E-12  1.571551E-12  1.571061E-12  1.571104E-12  1.569845E-12  1.568750E-12  1.568142E-12  1.567381E-12  1.566916E-12  1.566251E-12  1.565378E-12  1.564759E-12  1.564244E-12  1.563722E-12  1.562807E-12  1.562138E-12  1.561669E-12  1.561158E-12
0.000000E+00  1.408062E-10  1.407351E-10  1.406970E-10  1.406099E-10  1.405553E-10  1.404837E-10  1.404290E-10  1.403635E-10  1.403293E-10  1.402722E-10  1.401980E-10  1.401485E-10  1.400612E-10  1.400181E-10  1.399710E-10  1.399051E-10  1.398502E-10  1.398107E-10  1.397411E-10  1.396903E-10
0.000000E+00  4.029369E-10  4.027044E-10  4.026311E-10  4.023811E-10  4.021805E-10  4.020417E-10  4.018675E-10  4.016730E-10  4.015603E-10  4.014309E-10  4.012184E-10  4.010500E-10  4.008118E-10  4.006713E-10  4.005568E-10  4.003358E-10  4.002067E-10  4.000948E-10  3.998945E-10  3.997558E-10
0.000000E+00  3.383721E-08  3.381986E-08  3.381080E-08  3.379041E-08  3.377355E-08  3.376116E-08  3.374716E-08  3.373045E-08  3.372191E-08  3.370900E-08  3.369142E-08  3.367821E-08  3.365911E-08  3.364768E-08  3.363717E-08  3.361875E-08  3.360731E-08  3.359799E-08  3.358091E-08  3.356993E-08
Gas           Sam
0.000000E+00  -1.043559E-13 -1.044096E-13 -1.045240E-13 -1.044704E-13 -1.045347E-13 -1.047529E-13 -1.045204E-13 -1.044775E-13 -1.045204E-13 -1.044167E-13 -1.042486E-13 -1.043809E-13 -1.045383E-13 -1.044239E-13 -1.043917E-13 -1.044274E-13 -1.045133E-13 -1.043845E-13 -1.044417E-13 -1.044489E-13
0.000000E+00  2.939704E-14  2.963665E-14  2.979043E-14  2.955082E-14  2.974752E-14  2.946856E-14  2.937558E-14  2.920034E-14  2.941492E-14  2.928617E-14  2.917889E-14  2.924326E-14  2.922895E-14  2.938273E-14  2.935412E-14  2.909305E-14  2.924683E-14  2.917173E-14  2.925041E-14  2.917531E-14
0.000000E+00  7.867785E-13  7.867928E-13  7.868501E-13  7.868250E-13  7.863422E-13  7.861705E-13  7.859380E-13  7.859023E-13  7.858523E-13  7.855912E-13  7.858022E-13  7.855661E-13  7.850547E-13  7.846542E-13  7.850082E-13  7.840927E-13  7.839747E-13  7.839926E-13  7.840534E-13  7.842930E-13
0.000000E+00  7.328313E-11  7.328653E-11  7.327391E-11  7.326893E-11  7.326897E-11  7.324969E-11  7.322756E-11  7.322391E-11  7.321981E-11  7.318915E-11  7.318232E-11  7.317384E-11  7.315421E-11  7.313011E-11  7.312818E-11  7.311880E-11  7.309513E-11  7.308076E-11  7.306942E-11  7.306194E-11
0.000000E+00  2.094804E-10  2.094739E-10  2.094346E-10  2.094121E-10  2.093992E-10  2.093702E-10  2.092983E-10  2.092765E-10  2.092493E-10  2.091968E-10  2.091692E-10  2.091488E-10  2.090902E-10  2.090308E-10  2.090040E-10  2.089672E-10  2.089125E-10  2.088817E-10  2.088402E-10  2.088087E-10
0.000000E+00  1.769713E-08  1.769752E-08  1.769398E-08  1.769269E-08  1.769158E-08  1.768827E-08  1.768375E-08  1.768180E-08  1.767964E-08  1.767495E-08  1.767195E-08  1.766982E-08  1.766583E-08  1.766034E-08  1.765827E-08  1.765584E-08  1.765099E-08  1.764709E-08  1.764513E-08  1.764153E-08
Gas           Ref
0.000000E+00  -1.035048E-13 -1.033474E-13 -1.033975E-13 -1.033689E-13 -1.034332E-13 -1.033331E-13 -1.034511E-13 -1.033832E-13 -1.033188E-13 -1.034118E-13 -1.034010E-13 -1.033581E-13 -1.034225E-13 -1.035512E-13 -1.034082E-13 -1.034082E-13 -1.034368E-13 -1.035262E-13 -1.035656E-13 -1.034297E-13
0.000000E+00  1.007546E-13  1.007224E-13  1.005901E-13  1.005651E-13  1.008690E-13  1.005937E-13  1.002217E-13  1.003540E-13  1.002003E-13  1.002718E-13  1.002968E-13  9.997139E-14  1.001681E-13  1.000966E-13  9.985694E-14  9.985337E-14  9.997854E-14  9.988198E-14  9.963165E-14  9.973535E-14
0.000000E+00  1.539790E-12  1.539107E-12  1.538098E-12  1.537823E-12  1.537891E-12  1.537404E-12  1.535917E-12  1.534862E-12  1.534153E-12  1.533120E-12  1.532830E-12  1.532022E-12  1.531461E-12  1.531225E-12  1.529758E-12  1.528954E-12  1.528778E-12  1.528778E-12  1.527720E-12  1.527080E-12
0.000000E+00  1.378856E-10  1.378294E-10  1.377464E-10  1.377077E-10  1.376477E-10  1.375637E-10  1.375163E-10  1.374347E-10  1.374062E-10  1.373409E-10  1.372739E-10  1.371806E-10  1.371563E-10  1.370936E-10  1.370452E-10  1.369584E-10  1.369176E-10  1.368812E-10  1.368030E-10  1.367634E-10
0.000000E+00  3.945580E-10  3.944210E-10  3.941903E-10  3.940641E-10  3.939117E-10  3.936668E-10  3.935223E-10  3.933095E-10  3.932136E-10  3.930209E-10  3.928550E-10  3.925850E-10  3.924827E-10  3.923414E-10  3.921776E-10  3.919398E-10  3.917953E-10  3.916998E-10  3.915085E-10  3.913833E-10
0.000000E+00  3.313341E-08  3.312084E-08  3.310248E-08  3.309304E-08  3.307934E-08  3.305817E-08  3.304662E-08  3.302847E-08  3.302105E-08  3.300483E-08  3.299041E-08  3.296829E-08  3.295957E-08  3.294725E-08  3.293323E-08  3.291386E-08  3.290215E-08  3.289402E-08  3.287817E-08  3.286707E-08
Gas           Sam
0.000000E+00  -1.044096E-13 -1.042558E-13 -1.045812E-13 -1.043809E-13 -1.043702E-13 -1.044203E-13 -1.044847E-13 -1.044239E-13 -1.043952E-13 -1.043166E-13 -1.043559E-13 -1.042665E-13 -1.043738E-13 -1.043488E-13 -1.044382E-13 -1.043774E-13 -1.043523E-13 -1.044382E-13 -1.043988E-13 -1.043237E-13
0.000000E+00  2.810958E-14  2.820971E-14  2.827766E-14  2.804520E-14  2.800229E-14  2.800944E-14  2.798798E-14  2.790215E-14  2.786997E-14  2.800944E-14  2.792003E-14  2.813461E-14  2.805951E-14  2.790931E-14  2.788785E-14  2.778414E-14  2.748730E-14  2.765897E-14  2.758386E-14  2.757671E-14
0.000000E+00  7.718261E-13  7.716473E-13  7.720585E-13  7.714613E-13  7.713468E-13  7.710822E-13  7.711215E-13  7.711645E-13  7.705350E-13  7.702668E-13  7.701988E-13  7.704849E-13  7.705350E-13  7.701845E-13  7.702703E-13  7.694442E-13  7.691975E-13  7.693906E-13  7.695014E-13  7.695730E-13
0.000000E+00  7.199173E-11  7.198508E-11  7.198298E-11  7.196828E-11  7.195369E-11  7.195490E-11  7.193792E-11  7.192704E-11  7.191170E-11  7.189607E-11  7.189217E-11  7.187494E-11  7.187777E-11  7.185835E-11  7.184915E-11  7.181693E-11  7.180535E-11  7.179658E-11  7.177251E-11  7.177738E-11
0.000000E+00  2.057889E-10  2.057657E-10  2.057328E-10  2.057074E-10  2.056584E-10  2.056605E-10  2.056187E-10  2.055837E-10  2.055389E-10  2.055089E-10  2.054831E-10  2.054413E-10  2.054413E-10  2.053819E-10  2.053659E-10  2.052761E-10  2.052357E-10  2.051945E-10  2.051495E-10  2.051520E-10
0.000000E+00  1.738543E-08  1.738409E-08  1.738272E-08  1.737951E-08  1.737583E-08  1.737601E-08  1.737243E-08  1.736998E-08  1.736489E-08  1.736249E-08  1.736065E-08  1.735736E-08  1.735697E-08  1.735233E-08  1.735082E-08  1.734282E-08  1.734061E-08  1.733703E-08  1.733217E-08  1.733272E-08
Gas           Ref
0.000000E+00  -1.034511E-13 -1.032580E-13 -1.033188E-13 -1.033903E-13 -1.035512E-13 -1.036764E-13 -1.035584E-13 -1.035262E-13 -1.034726E-13 -1.035727E-13 -1.036263E-13 -1.036192E-13 -1.036764E-13 -1.035369E-13 -1.036263E-13 -1.035405E-13 -1.035763E-13 -1.037193E-13 -1.038373E-13 -1.035763E-13
0.000000E+00  9.753236E-14  9.765754E-14  9.771834E-14  9.753952E-14  9.723553E-14  9.720692E-14  9.722123E-14  9.719977E-14  9.709964E-14  9.688863E-14  9.713182E-14  9.685644E-14  9.670267E-14  9.691724E-14  9.680639E-14  9.687433E-14  9.692440E-14  9.660254E-14  9.659180E-14  9.675632E-14
0.000000E+00  1.507238E-12  1.505525E-12  1.505000E-12  1.504102E-12  1.503816E-12  1.503251E-12  1.502167E-12  1.501395E-12  1.500704E-12  1.500304E-12  1.499929E-12  1.499038E-12  1.498269E-12  1.497711E-12  1.496692E-12  1.496159E-12  1.495619E-12  1.494943E-12  1.494410E-12  1.493330E-12
0.000000E+00  1.349588E-10  1.349268E-10  1.348453E-10  1.348262E-10  1.347665E-10  1.346865E-10  1.346230E-10  1.345468E-10  1.345057E-10  1.344412E-10  1.344013E-10  1.343277E-10  1.342843E-10  1.342258E-10  1.341546E-10  1.340965E-10  1.340545E-10  1.339853E-10  1.339237E-10  1.338880E-10
0.000000E+00  3.862224E-10  3.861330E-10  3.859012E-10  3.858211E-10  3.856545E-10  3.854528E-10  3.852635E-10  3.850551E-10  3.849324E-10  3.847453E-10  3.846266E-10  3.844210E-10  3.843026E-10  3.841034E-10  3.839264E-10  3.837640E-10  3.836035E-10  3.834464E-10  3.832723E-10  3.831925E-10
0.000000E+00  3.243441E-08  3.242633E-08  3.240714E-08  3.239981E-08  3.238558E-08  3.236905E-08  3.235309E-08  3.233581E-08  3.232523E-08  3.230926E-08  3.229921E-08  3.228224E-08  3.227146E-08  3.225697E-08  3.224195E-08  3.222636E-08  3.221501E-08  3.220084E-08  3.218554E-08  3.217862E-08
Gas           Sam
0.000000E+00  -1.043523E-13 -1.043416E-13 -1.043237E-13 -1.042951E-13 -1.042558E-13 -1.043845E-13 -1.044668E-13 -1.042808E-13 -1.042880E-13 -1.043166E-13 -1.043881E-13 -1.044954E-13 -1.044632E-13 -1.043631E-13 -1.046313E-13 -1.047314E-13 -1.043666E-13 -1.043452E-13 -1.043845E-13 -1.043488E-13
0.000000E+00  2.669695E-14  2.683642E-14  2.654316E-14  2.661469E-14  2.676490E-14  2.671840E-14  2.674344E-14  2.657178E-14  2.642515E-14  2.650740E-14  2.651098E-14  2.639296E-14  2.631786E-14  2.648952E-14  2.661112E-14  2.633932E-14  2.612832E-14  2.626064E-14  2.614620E-14  2.597096E-14
0.000000E+00  7.572563E-13  7.572420E-13  7.567557E-13  7.571990E-13  7.569558E-13  7.568986E-13  7.566053E-13  7.566662E-13  7.564802E-13  7.561333E-13  7.565410E-13  7.562013E-13  7.554539E-13  7.554145E-13  7.548530E-13  7.556648E-13  7.555933E-13  7.551355E-13  7.544954E-13  7.546313E-13
0.000000E+00  7.073253E-11  7.072409E-11  7.073085E-11  7.071368E-11  7.069977E-11  7.068668E-11  7.068518E-11  7.067313E-11  7.065804E-11  7.065303E-11  7.063462E-11  7.061769E-11  7.060801E-11  7.058762E-11  7.057432E-11  7.057063E-11  7.056602E-11  7.053970E-11  7.051999E-11  7.051137E-11
0.000000E+00  2.021493E-10  2.021458E-10  2.021451E-10  2.021125E-10  2.020828E-10  2.020649E-10  2.020188E-10  2.019938E-10  2.019562E-10  2.019569E-10  2.018976E-10  2.018371E-10  2.018125E-10  2.017653E-10  2.017148E-10  2.017077E-10  2.016919E-10  2.016265E-10  2.015603E-10  2.015439E-10
0.000000E+00  1.707916E-08  1.707888E-08  1.707802E-08  1.707580E-08  1.707342E-08  1.707110E-08  1.706793E-08  1.706512E-08  1.706173E-08  1.706162E-08  1.705731E-08  1.705116E-08  1.704987E-08  1.704502E-08  1.704132E-08  1.704059E-08  1.703916E-08  1.703444E-08  1.702872E-08  1.702677E-08
Gas           Ref
0.000000E+00  -1.034475E-13 -1.034368E-13 -1.035977E-13 -1.034297E-13 -1.035226E-13 -1.035763E-13 -1.036049E-13 -1.036120E-13 -1.035799E-13 -1.035334E-13 -1.036192E-13 -1.036049E-13 -1.035441E-13 -1.034690E-13 -1.036407E-13 -1.036013E-13 -1.034618E-13 -1.033832E-13 -1.034761E-13 -1.035834E-13
0.000000E+00  9.435662E-14  9.443888E-14  9.426007E-14  9.409556E-14  9.415636E-14  9.404192E-14  9.395252E-14  9.408483E-14  9.405622E-14  9.406337E-14  9.375939E-14  9.365925E-14  9.371647E-14  9.372720E-14  9.372720E-14  9.370217E-14  9.357342E-14  9.372363E-14  9.359130E-14  9.335169E-14
0.000000E+00  1.474211E-12  1.473632E-12  1.472509E-12  1.472019E-12  1.471308E-12  1.470792E-12  1.469891E-12  1.469251E-12  1.468825E-12  1.467885E-12  1.467270E-12  1.467084E-12  1.466848E-12  1.465042E-12  1.465203E-12  1.464809E-12  1.463879E-12  1.463229E-12  1.462918E-12  1.462606E-12
0.000000E+00  1.322126E-10  1.321234E-10  1.320508E-10  1.319971E-10  1.319596E-10  1.319193E-10  1.318354E-10  1.317500E-10  1.317021E-10  1.316371E-10  1.315945E-10  1.315246E-10  1.315096E-10  1.314304E-10  1.313756E-10  1.313101E-10  1.312766E-10  1.312083E-10  1.311619E-10  1.311116E-10
0.000000E+00  3.783828E-10  3.781024E-10  3.779007E-10  3.777452E-10  3.776278E-10  3.775209E-10  3.772642E-10  3.770399E-10  3.768965E-10  3.767270E-10  3.765814E-10  3.764180E-10  3.763583E-10  3.761351E-10  3.759795E-10  3.757979E-10  3.757192E-10  3.755068E-10  3.753562E-10  3.752207E-10
0.000000E+00  3.177569E-08  3.175224E-08  3.173545E-08  3.172130E-08  3.171207E-08  3.170383E-08  3.168211E-08  3.166335E-08  3.165149E-08  3.163644E-08  3.162503E-08  3.161160E-08  3.160529E-08  3.158696E-08  3.157324E-08  3.155874E-08  3.155198E-08  3.153398E-08  3.152212E-08  3.151008E-08
Gas           Sam
0.000000E+00  -1.043917E-13 -1.042915E-13 -1.043952E-13 -1.043094E-13 -1.045383E-13 -1.045240E-13 -1.042665E-13 -1.043774E-13 -1.044668E-13 -1.044203E-13 -1.044882E-13 -1.044417E-13 -1.042844E-13 -1.043130E-13 -1.043809E-13 -1.044310E-13 -1.043917E-13 -1.044489E-13 -1.043774E-13 -1.044346E-13
0.000000E+00  2.525928E-14  2.552035E-14  2.527359E-14  2.516630E-14  2.520564E-14  2.513053E-14  2.525570E-14  2.531292E-14  2.515914E-14  2.519491E-14  2.509835E-14  2.500179E-14  2.510192E-14  2.509120E-14  2.510192E-14  2.492669E-14  2.511623E-14  2.499464E-14  2.491238E-14  2.479079E-14
0.000000E+00  7.434018E-13  7.435412E-13  7.431371E-13  7.432515E-13  7.431586E-13  7.429833E-13  7.426257E-13  7.423790E-13  7.422538E-13  7.426114E-13  7.425649E-13  7.419820E-13  7.422716E-13  7.420607E-13  7.417066E-13  7.416673E-13  7.413740E-13  7.407732E-13  7.407696E-13  7.408376E-13
0.000000E+00  6.951931E-11  6.951856E-11  6.951369E-11  6.950469E-11  6.950172E-11  6.948934E-11  6.947064E-11  6.946077E-11  6.943945E-11  6.942862E-11  6.942043E-11  6.941377E-11  6.939418E-11  6.938137E-11  6.937383E-11  6.936091E-11  6.934608E-11  6.933692E-11  6.933130E-11  6.930080E-11
0.000000E+00  1.987032E-10  1.986932E-10  1.986796E-10  1.986417E-10  1.986410E-10  1.986045E-10  1.985663E-10  1.985158E-10  1.984711E-10  1.984361E-10  1.984189E-10  1.983950E-10  1.983470E-10  1.983216E-10  1.982837E-10  1.982569E-10  1.982018E-10  1.981707E-10  1.981446E-10  1.980792E-10
0.000000E+00  1.678628E-08  1.678617E-08  1.678498E-08  1.678172E-08  1.678226E-08  1.677840E-08  1.677525E-08  1.677157E-08  1.676761E-08  1.676566E-08  1.676334E-08  1.676103E-08  1.675762E-08  1.675461E-08  1.675206E-08  1.674936E-08  1.674501E-08  1.674194E-08  1.673999E-08  1.673446E-08
Gas           Ref
0.000000E+00  -1.036120E-13 -1.034511E-13 -1.035656E-13 -1.035262E-13 -1.035942E-13 -1.036049E-13 -1.036764E-13 -1.038123E-13 -1.036442E-13 -1.035691E-13 -1.035584E-13 -1.034440E-13 -1.033653E-13 -1.034654E-13 -1.035119E-13 -1.035012E-13 -1.035298E-13 -1.035870E-13 -1.036120E-13 -1.036263E-13
0.000000E+00  9.130248E-14  9.165296E-14  9.166369E-14  9.149560E-14  9.135970E-14  9.124168E-14  9.112725E-14  9.108075E-14  9.101280E-14  9.061226E-14  9.073028E-14  9.070524E-14  9.077677E-14  9.041914E-14  9.047636E-14  9.042630E-14  9.041914E-14  9.039411E-14  9.029039E-14  9.033331E-14
0.000000E+00  1.443624E-12  1.442093E-12  1.441420E-12  1.440197E-12  1.439715E-12  1.439539E-12  1.438366E-12  1.437626E-12  1.437444E-12  1.437147E-12  1.436281E-12  1.435455E-12  1.434672E-12  1.433960E-12  1.433824E-12  1.433420E-12  1.432533E-12  1.431865E-12  1.431239E-12  1.429951E-12
0.000000E+00  1.294651E-10  1.294236E-10  1.293676E-10  1.292785E-10  1.292417E-10  1.291699E-10  1.291344E-10  1.290663E-10  1.290235E-10  1.289582E-10  1.289118E-10  1.288560E-10  1.287988E-10  1.287518E-10  1.287065E-10  1.286192E-10  1.286021E-10  1.285552E-10  1.284659E-10  1.284265E-10
0.000000E+00  3.705161E-10  3.703794E-10  3.702217E-10  3.699936E-10  3.698584E-10  3.696720E-10  3.695572E-10  3.693452E-10  3.692282E-10  3.690677E-10  3.689342E-10  3.687669E-10  3.686099E-10  3.684650E-10  3.683334E-10  3.681053E-10  3.680430E-10  3.678818E-10  3.676607E-10  3.675413E-10
0.000000E+00  3.111541E-08  3.110275E-08  3.109001E-08  3.106940E-08  3.105960E-08  3.104388E-08  3.103526E-08  3.101706E-08  3.100669E-08  3.099376E-08  3.098217E-08  3.096874E-08  3.095460E-08  3.094346E-08  3.093287E-08  3.091299E-08  3.090859E-08  3.089437E-08  3.087588E-08  3.086533E-08
Gas           Sam
0.000000E+00  -1.044239E-13 -1.043094E-13 -1.042450E-13 -1.043774E-13 -1.045204E-13 -1.043058E-13 -1.042129E-13 -1.044024E-13 -1.044990E-13 -1.043845E-13 -1.043237E-13 -1.043309E-13 -1.043094E-13 -1.044668E-13 -1.043488E-13 -1.043631E-13 -1.044060E-13 -1.043452E-13 -1.044274E-13 -1.043416E-13
0.000000E+00  2.383950E-14  2.398970E-14  2.380016E-14  2.375724E-14  2.391102E-14  2.386453E-14  2.363207E-14  2.365353E-14  2.386453E-14  2.370002E-14  2.357485E-14  2.367141E-14  2.386096E-14  2.372863E-14  2.375009E-14  2.377512E-14  2.359631E-14  2.365353E-14  2.372148E-14  2.364638E-14
0.000000E+00  7.298262E-13  7.299084E-13  7.298584E-13  7.295401E-13  7.292754E-13  7.292826E-13  7.291646E-13  7.290716E-13  7.287032E-13  7.289143E-13  7.287748E-13  7.287140E-13  7.283134E-13  7.281275E-13  7.287175E-13  7.281597E-13  7.276339E-13  7.272441E-13  7.271833E-13  7.274265E-13
0.000000E+00  6.834111E-11  6.833131E-11  6.831447E-11  6.830491E-11  6.830931E-11  6.830778E-11  6.828550E-11  6.827212E-11  6.827580E-11  6.825496E-11  6.824437E-11  6.822413E-11  6.821887E-11  6.820706E-11  6.820288E-11  6.817484E-11  6.816157E-11  6.816064E-11  6.815572E-11  6.813147E-11
0.000000E+00  1.953322E-10  1.953076E-10  1.952668E-10  1.952368E-10  1.952375E-10  1.952371E-10  1.951874E-10  1.951352E-10  1.951427E-10  1.950765E-10  1.950533E-10  1.950068E-10  1.949807E-10  1.949546E-10  1.949267E-10  1.948734E-10  1.948201E-10  1.947940E-10  1.947890E-10  1.947411E-10
0.000000E+00  1.650170E-08  1.649887E-08  1.649687E-08  1.649342E-08  1.649346E-08  1.649369E-08  1.648918E-08  1.648539E-08  1.648582E-08  1.648078E-08  1.647892E-08  1.647436E-08  1.647227E-08  1.646964E-08  1.646855E-08  1.646324E-08  1.645900E-08  1.645728E-08  1.645633E-08  1.645208E-08
Gas           Ref
0.000000E+00  -1.036335E-13 -1.034905E-13 -1.036120E-13 -1.037372E-13 -1.036442E-13 -1.036836E-13 -1.037229E-13 -1.036728E-13 -1.035977E-13 -1.037158E-13 -1.036550E-13 -1.035834E-13 -1.036013E-13 -1.034618E-13 -1.034475E-13 -1.034010E-13 -1.035584E-13 -1.035334E-13 -1.036335E-13 -1.036013E-13
0.000000E+00  8.858808E-14  8.842000E-14  8.843788E-14  8.835920E-14  8.828052E-14  8.801588E-14  8.784779E-14  8.800873E-14  8.812674E-14  8.808740E-14  8.788356E-14  8.811244E-14  8.800514E-14  8.779057E-14  8.779772E-14  8.769401E-14  8.757957E-14  8.740791E-14  8.726486E-14  8.730777E-14
0.000000E+00  1.412463E-12  1.411677E-12  1.411019E-12  1.410461E-12  1.409191E-12  1.408569E-12  1.407972E-12  1.407170E-12  1.406487E-12  1.405944E-12  1.405761E-12  1.405232E-12  1.404481E-12  1.404227E-12  1.403033E-12  1.402285E-12  1.401956E-12  1.401524E-12  1.400733E-12  1.400690E-12
0.000000E+00  1.268128E-10  1.267656E-10  1.267055E-10  1.266422E-10  1.265866E-10  1.265248E-10  1.264738E-10  1.264103E-10  1.263642E-10  1.263225E-10  1.262732E-10  1.262086E-10  1.261603E-10  1.260987E-10  1.260416E-10  1.260030E-10  1.259572E-10  1.258986E-10  1.258132E-10  1.257936E-10
0.000000E+00  3.629036E-10  3.627598E-10  3.625831E-10  3.624211E-10  3.622727E-10  3.620982E-10  3.619387E-10  3.617603E-10  3.616193E-10  3.615160E-10  3.613765E-10  3.611845E-10  3.610482E-10  3.608819E-10  3.607063E-10  3.606069E-10  3.604695E-10  3.603122E-10  3.600912E-10  3.599857E-10
0.000000E+00  3.047657E-08  3.046488E-08  3.044941E-08  3.043652E-08  3.042191E-08  3.040807E-08  3.039505E-08  3.038103E-08  3.036821E-08  3.036024E-08  3.034767E-08  3.033259E-08  3.032060E-08  3.030710E-08  3.029249E-08  3.028449E-08  3.027289E-08  3.025907E-08  3.023997E-08  3.023135E-08
Gas           Sam
0.000000E+00  -1.043952E-13 -1.043094E-13 -1.042737E-13 -1.042737E-13 -1.044882E-13 -1.045454E-13 -1.043523E-13 -1.044060E-13 -1.044024E-13 -1.044525E-13 -1.045025E-13 -1.044632E-13 -1.042129E-13 -1.042665E-13 -1.044668E-13 -1.044417E-13 -1.045562E-13 -1.044310E-13 -1.045061E-13 -1.045168E-13
0.000000E+00  2.257349E-14  2.254131E-14  2.249481E-14  2.262356E-14  2.248408E-14  2.264144E-14  2.253058E-14  2.253773E-14  2.265575E-14  2.253773E-14  2.247693E-14  2.245905E-14  2.249481E-14  2.245190E-14  2.249839E-14  2.251270E-14  2.259495E-14  2.249839E-14  2.212646E-14  2.209785E-14
0.000000E+00  7.164366E-13  7.166083E-13  7.163114E-13  7.161504E-13  7.159609E-13  7.160182E-13  7.156140E-13  7.156999E-13  7.154460E-13  7.156749E-13  7.157142E-13  7.153029E-13  7.145555E-13  7.146914E-13  7.148952E-13  7.145483E-13  7.145626E-13  7.142407E-13  7.137901E-13  7.138974E-13
0.000000E+00  6.718550E-11  6.717617E-11  6.716590E-11  6.715006E-11  6.715603E-11  6.715278E-11  6.712757E-11  6.712120E-11  6.710793E-11  6.710554E-11  6.708934E-11  6.707278E-11  6.706241E-11  6.704706E-11  6.703670E-11  6.702121E-11  6.701230E-11  6.699764E-11  6.698841E-11  6.697429E-11
0.000000E+00  1.920109E-10  1.920106E-10  1.919695E-10  1.919373E-10  1.919358E-10  1.919398E-10  1.918493E-10  1.918529E-10  1.918000E-10  1.917849E-10  1.917452E-10  1.917113E-10  1.916615E-10  1.916204E-10  1.915643E-10  1.915550E-10  1.915314E-10  1.915049E-10  1.914530E-10  1.914133E-10
0.000000E+00  1.622182E-08  1.622007E-08  1.621729E-08  1.621458E-08  1.621456E-08  1.621440E-08  1.620793E-08  1.620719E-08  1.620342E-08  1.620152E-08  1.619838E-08  1.619575E-08  1.619235E-08  1.618784E-08  1.618345E-08  1.618237E-08  1.618057E-08  1.617792E-08  1.617352E-08  1.617052E-08
Gas           Ref
0.000000E+00  -1.034440E-13 -1.034654E-13 -1.036085E-13 -1.037265E-13 -1.038123E-13 -1.036156E-13 -1.035119E-13 -1.034726E-13 -1.035691E-13 -1.038123E-13 -1.037587E-13 -1.037408E-13 -1.035441E-13 -1.035799E-13 -1.036192E-13 -1.036550E-13 -1.036514E-13 -1.035083E-13 -1.034833E-13 -1.034189E-13
0.000000E+00  8.566984E-14  8.563407E-14  8.552321E-14  8.534797E-14  8.531937E-14  8.542308E-14  8.523353E-14  8.528002E-14  8.530506E-14  8.536943E-14  8.498677E-14  8.504399E-14  8.480080E-14  8.462556E-14  8.489020E-14  8.490809E-14  8.488306E-14  8.487590E-14  8.457549E-14  8.467563E-14
0.000000E+00  1.382115E-12  1.382512E-12  1.381014E-12  1.380345E-12  1.379687E-12  1.379751E-12  1.378406E-12  1.377870E-12  1.378292E-12  1.376887E-12  1.376164E-12  1.375610E-12  1.374444E-12  1.373750E-12  1.373403E-12  1.372277E-12  1.372219E-12  1.371701E-12  1.371690E-12  1.370735E-12
0.000000E+00  1.242694E-10  1.241833E-10  1.241257E-10  1.240844E-10  1.239971E-10  1.239467E-10  1.238929E-10  1.238597E-10  1.238081E-10  1.237713E-10  1.236990E-10  1.236280E-10  1.235847E-10  1.235154E-10  1.234769E-10  1.234539E-10  1.233869E-10  1.233410E-10  1.232776E-10  1.232334E-10
0.000000E+00  3.556187E-10  3.553923E-10  3.552467E-10  3.550737E-10  3.548687E-10  3.547396E-10  3.545830E-10  3.544739E-10  3.543069E-10  3.541892E-10  3.540291E-10  3.538220E-10  3.537100E-10  3.534840E-10  3.533867E-10  3.533159E-10  3.531310E-10  3.529844E-10  3.528149E-10  3.527044E-10
0.000000E+00  2.986476E-08  2.984529E-08  2.983202E-08  2.981874E-08  2.980043E-08  2.979020E-08  2.977755E-08  2.976790E-08  2.975361E-08  2.974460E-08  2.972970E-08  2.971347E-08  2.970337E-08  2.968509E-08  2.967715E-08  2.966984E-08  2.965569E-08  2.964234E-08  2.962996E-08  2.961984E-08
Gas           Sam
0.000000E+00  -1.043273E-13 -1.043845E-13 -1.044060E-13 -1.043166E-13 -1.043166E-13 -1.044489E-13 -1.045312E-13 -1.043631E-13 -1.044167E-13 -1.045168E-13 -1.044346E-13 -1.043774E-13 -1.043809E-13 -1.043452E-13 -1.043595E-13 -1.043595E-13 -1.045991E-13 -1.046313E-13 -1.046170E-13 -1.045025E-13
0.000000E+00  2.140762E-14  2.148273E-14  2.157571E-14  2.147557E-14  2.134683E-14  2.141120E-14  2.124312E-14  2.104284E-14  2.124312E-14  2.132537E-14  2.131107E-14  2.112510E-14  2.107503E-14  2.106788E-14  2.113225E-14  2.143981E-14  2.131107E-14  2.099993E-14  2.109291E-14  2.105357E-14
0.000000E+00  7.037766E-13  7.035941E-13  7.028396E-13  7.025856E-13  7.033081E-13  7.033331E-13  7.028360E-13  7.026786E-13  7.028860E-13  7.026894E-13  7.029111E-13  7.025714E-13  7.022102E-13  7.019455E-13  7.015950E-13  7.019097E-13  7.017953E-13  7.015235E-13  7.014770E-13  7.007367E-13
0.000000E+00  6.605429E-11  6.604668E-11  6.604009E-11  6.601913E-11  6.602418E-11  6.602160E-11  6.600325E-11  6.599936E-11  6.597697E-11  6.596846E-11  6.597836E-11  6.595970E-11  6.594879E-11  6.593416E-11  6.591463E-11  6.591180E-11  6.587580E-11  6.587919E-11  6.586696E-11  6.586564E-11
0.000000E+00  1.888145E-10  1.887690E-10  1.887404E-10  1.886968E-10  1.886864E-10  1.886925E-10  1.886657E-10  1.886228E-10  1.885713E-10  1.885409E-10  1.885666E-10  1.885144E-10  1.884876E-10  1.884550E-10  1.883871E-10  1.883664E-10  1.882916E-10  1.882655E-10  1.882587E-10  1.882333E-10
0.000000E+00  1.594975E-08  1.594689E-08  1.594478E-08  1.594076E-08  1.594051E-08  1.594013E-08  1.593752E-08  1.593454E-08  1.593026E-08  1.592804E-08  1.592969E-08  1.592561E-08  1.592297E-08  1.592029E-08  1.591510E-08  1.591306E-08  1.590612E-08  1.590553E-08  1.590371E-08  1.590129E-08
Gas           Ref
0.000000E+00  -1.036013E-13 -1.034654E-13 -1.036728E-13 -1.036120E-13 -1.036693E-13 -1.037265E-13 -1.037873E-13 -1.036013E-13 -1.034940E-13 -1.036263E-13 -1.036478E-13 -1.038517E-13 -1.038302E-13 -1.037944E-13 -1.037050E-13 -1.037622E-13 -1.036764E-13 -1.036800E-13 -1.036871E-13 -1.036263E-13
0.000000E+00  8.288749E-14  8.285888E-14  8.282670E-14  8.269795E-14  8.256563E-14  8.246549E-14  8.249053E-14  8.268007E-14  8.251913E-14  8.251198E-14  8.246192E-14  8.239754E-14  8.218654E-14  8.199342E-14  8.224734E-14  8.222946E-14  8.213290E-14  8.205779E-14  8.197911E-14  8.181818E-14
0.000000E+00  1.352839E-12  1.352210E-12  1.351076E-12  1.351041E-12  1.350679E-12  1.349596E-12  1.348941E-12  1.348534E-12  1.348462E-12  1.347375E-12  1.346316E-12  1.345759E-12  1.345215E-12  1.344417E-12  1.344214E-12  1.343716E-12  1.342837E-12  1.342526E-12  1.342343E-12  1.340952E-12
0.000000E+00  1.217158E-10  1.216854E-10  1.215924E-10  1.215743E-10  1.214983E-10  1.214373E-10  1.213868E-10  1.213328E-10  1.212738E-10  1.212531E-10  1.211853E-10  1.211403E-10  1.210844E-10  1.210455E-10  1.209985E-10  1.209457E-10  1.208794E-10  1.208427E-10  1.207775E-10  1.207595E-10
0.000000E+00  3.483245E-10  3.482269E-10  3.479891E-10  3.478961E-10  3.477094E-10  3.475467E-10  3.474044E-10  3.472266E-10  3.471032E-10  3.470041E-10  3.468218E-10  3.466877E-10  3.465307E-10  3.464312E-10  3.462739E-10  3.461219E-10  3.459771E-10  3.458433E-10  3.456763E-10  3.455815E-10
0.000000E+00  2.925186E-08  2.924388E-08  2.922318E-08  2.921579E-08  2.919997E-08  2.918661E-08  2.917438E-08  2.916049E-08  2.914904E-08  2.914101E-08  2.912564E-08  2.911455E-08  2.910126E-08  2.909164E-08  2.907975E-08  2.906786E-08  2.905423E-08  2.904334E-08  2.902906E-08  2.902251E-08
Gas           Sam
0.000000E+00  -1.046563E-13 -1.044847E-13 -1.044990E-13 -1.045276E-13 -1.045526E-13 -1.043738E-13 -1.044596E-13 -1.044632E-13 -1.045669E-13 -1.046313E-13 -1.045991E-13 -1.045669E-13 -1.046599E-13 -1.044560E-13 -1.045061E-13 -1.043631E-13 -1.046027E-13 -1.046599E-13 -1.045168E-13 -1.043881E-13
0.000000E+00  2.020599E-14  2.028110E-14  2.006294E-14  2.000215E-14  2.007725E-14  1.987340E-14  1.998069E-14  2.015950E-14  2.023460E-14  2.023818E-14  2.019526E-14  2.003433E-14  2.002718E-14  1.989128E-14  1.996281E-14  2.006294E-14  1.994493E-14  1.961233E-14  1.981618E-14  1.976969E-14
0.000000E+00  6.906301E-13  6.906587E-13  6.903405E-13  6.903476E-13  6.902474E-13  6.903226E-13  6.904692E-13  6.900937E-13  6.896323E-13  6.894285E-13  6.890279E-13  6.889851E-13  6.893069E-13  6.894893E-13  6.890208E-13  6.889886E-13  6.886810E-13  6.884522E-13  6.882376E-13  6.879730E-13
0.000000E+00  6.495336E-11  6.494092E-11  6.493502E-11  6.493719E-11  6.491807E-11  6.491596E-11  6.490888E-11  6.488789E-11  6.487654E-11  6.487408E-11  6.485197E-11  6.484693E-11  6.483811E-11  6.482887E-11  6.481346E-11  6.480789E-11  6.478106E-11  6.477180E-11  6.476418E-11  6.475098E-11
0.000000E+00  1.856434E-10  1.856080E-10  1.855879E-10  1.856047E-10  1.855425E-10  1.855304E-10  1.855146E-10  1.854556E-10  1.854374E-10  1.854249E-10  1.853666E-10  1.853444E-10  1.853126E-10  1.853029E-10  1.852339E-10  1.852210E-10  1.851516E-10  1.851202E-10  1.850937E-10  1.850633E-10
0.000000E+00  1.568142E-08  1.567937E-08  1.567856E-08  1.567894E-08  1.567411E-08  1.567397E-08  1.567154E-08  1.566715E-08  1.566581E-08  1.566388E-08  1.565893E-08  1.565736E-08  1.565500E-08  1.565305E-08  1.564827E-08  1.564690E-08  1.564101E-08  1.563881E-08  1.563658E-08  1.563352E-08
Gas           Ref
0.000000E+00  -1.036263E-13 -1.035620E-13 -1.035763E-13 -1.036192E-13 -1.037587E-13 -1.037801E-13 -1.035870E-13 -1.036693E-13 -1.037694E-13 -1.035906E-13 -1.037086E-13 -1.037086E-13 -1.036156E-13 -1.037229E-13 -1.036800E-13 -1.037801E-13 -1.036621E-13 -1.036228E-13 -1.037014E-13 -1.038052E-13
0.000000E+00  7.992633E-14  8.015879E-14  7.973321E-14  7.953294E-14  7.969030E-14  7.977612E-14  7.979043E-14  8.003362E-14  7.966168E-14  7.968314E-14  7.966526E-14  7.949002E-14  7.956870E-14  7.950433E-14  7.955440E-14  7.936128E-14  7.925399E-14  7.920034E-14  7.905014E-14  7.917888E-14
0.000000E+00  1.324283E-12  1.324558E-12  1.322702E-12  1.322234E-12  1.322119E-12  1.322409E-12  1.321926E-12  1.320746E-12  1.319888E-12  1.319537E-12  1.319219E-12  1.318951E-12  1.317628E-12  1.316787E-12  1.316655E-12  1.316240E-12  1.315686E-12  1.314759E-12  1.314312E-12  1.313604E-12
0.000000E+00  1.192822E-10  1.192369E-10  1.191589E-10  1.191060E-10  1.190568E-10  1.190308E-10  1.189550E-10  1.189175E-10  1.188448E-10  1.188089E-10  1.187565E-10  1.187118E-10  1.186683E-10  1.186059E-10  1.185705E-10  1.185269E-10  1.184697E-10  1.184243E-10  1.183870E-10  1.183108E-10
0.000000E+00  3.413615E-10  3.412485E-10  3.410121E-10  3.408712E-10  3.407357E-10  3.406330E-10  3.404352E-10  3.403101E-10  3.401434E-10  3.400343E-10  3.398634E-10  3.397314E-10  3.395909E-10  3.394586E-10  3.393423E-10  3.392182E-10  3.390412E-10  3.389025E-10  3.388048E-10  3.385970E-10
0.000000E+00  2.866633E-08  2.865644E-08  2.863838E-08  2.862510E-08  2.861467E-08  2.860613E-08  2.858975E-08  2.857857E-08  2.856393E-08  2.855441E-08  2.854136E-08  2.853124E-08  2.851920E-08  2.850667E-08  2.849666E-08  2.848739E-08  2.847216E-08  2.846059E-08  2.845247E-08  2.843484E-08
Gas           Sam
0.000000E+00  -1.044310E-13 -1.044918E-13 -1.045383E-13 -1.045955E-13 -1.044525E-13 -1.044417E-13 -1.043988E-13 -1.043237E-13 -1.045204E-13 -1.045383E-13 -1.046062E-13 -1.046349E-13 -1.044096E-13 -1.043416E-13 -1.044811E-13 -1.045454E-13 -1.046170E-13 -1.046742E-13 -1.044560E-13 -1.045490E-13
0.000000E+00  1.889707E-14  1.889350E-14  1.868607E-14  1.859667E-14  1.878263E-14  1.883270E-14  1.897575E-14  1.905086E-14  1.882197E-14  1.895787E-14  1.894714E-14  1.878263E-14  1.863601E-14  1.851799E-14  1.859667E-14  1.874329E-14  1.863958E-14  1.863243E-14  1.865031E-14  1.858594E-14
0.000000E+00  6.783599E-13  6.783742E-13  6.784529E-13  6.780559E-13  6.776446E-13  6.780023E-13  6.779272E-13  6.772441E-13  6.773836E-13  6.772870E-13  6.772549E-13  6.768543E-13  6.773156E-13  6.767899E-13  6.764287E-13  6.763357E-13  6.766111E-13  6.770081E-13  6.766397E-13  6.759316E-13
0.000000E+00  6.386517E-11  6.387139E-11  6.386342E-11  6.384086E-11  6.384486E-11  6.384714E-11  6.383295E-11  6.382014E-11  6.380728E-11  6.379694E-11  6.378357E-11  6.377788E-11  6.377616E-11  6.376239E-11  6.376067E-11  6.372477E-11  6.372963E-11  6.372552E-11  6.370385E-11  6.369176E-11
0.000000E+00  1.825588E-10  1.825624E-10  1.825245E-10  1.824762E-10  1.824798E-10  1.824798E-10  1.824151E-10  1.823961E-10  1.823664E-10  1.823450E-10  1.822960E-10  1.822885E-10  1.822638E-10  1.822244E-10  1.822184E-10  1.821293E-10  1.821540E-10  1.821272E-10  1.820760E-10  1.820092E-10
0.000000E+00  1.542114E-08  1.542157E-08  1.541759E-08  1.541428E-08  1.541471E-08  1.541463E-08  1.540981E-08  1.540820E-08  1.540593E-08  1.540360E-08  1.539886E-08  1.539826E-08  1.539673E-08  1.539344E-08  1.539337E-08  1.538536E-08  1.538720E-08  1.538549E-08  1.538084E-08  1.537569E-08
Gas           Ref
0.000000E+00  -1.037122E-13 -1.037587E-13 -1.038624E-13 -1.038731E-13 -1.039160E-13 -1.039125E-13 -1.037301E-13 -1.036871E-13 -1.037372E-13 -1.036871E-13 -1.036442E-13 -1.039661E-13 -1.039017E-13 -1.037515E-13 -1.038052E-13 -1.037873E-13 -1.037801E-13 -1.038874E-13 -1.040233E-13 -1.039554E-13
0.000000E+00  7.751234E-14  7.739432E-14  7.729060E-14  7.746585E-14  7.728346E-14  7.700808E-14  7.704742E-14  7.696875E-14  7.689364E-14  7.683642E-14  7.672555E-14  7.666834E-14  7.667549E-14  7.669694E-14  7.675775E-14  7.670410E-14  7.673986E-14  7.659323E-14  7.643588E-14  7.652886E-14
0.000000E+00  1.297346E-12  1.296442E-12  1.295866E-12  1.295583E-12  1.294303E-12  1.293584E-12  1.293477E-12  1.292704E-12  1.292147E-12  1.291767E-12  1.291016E-12  1.290212E-12  1.290129E-12  1.289210E-12  1.288860E-12  1.288785E-12  1.288102E-12  1.287748E-12  1.286653E-12  1.286356E-12
0.000000E+00  1.168895E-10  1.168429E-10  1.167985E-10  1.167360E-10  1.166694E-10  1.166325E-10  1.165883E-10  1.165428E-10  1.164865E-10  1.164349E-10  1.163867E-10  1.163171E-10  1.162835E-10  1.162338E-10  1.161773E-10  1.161598E-10  1.160945E-10  1.160270E-10  1.159936E-10  1.159424E-10
0.000000E+00  3.345093E-10  3.343877E-10  3.342636E-10  3.340855E-10  3.339192E-10  3.337819E-10  3.336764E-10  3.335509E-10  3.333724E-10  3.332236E-10  3.330674E-10  3.329161E-10  3.327673E-10  3.326554E-10  3.324901E-10  3.324344E-10  3.322638E-10  3.320989E-10  3.319806E-10  3.318314E-10
0.000000E+00  2.809329E-08  2.808220E-08  2.807151E-08  2.805726E-08  2.804184E-08  2.803052E-08  2.802253E-08  2.801094E-08  2.799607E-08  2.798344E-08  2.797062E-08  2.795741E-08  2.794569E-08  2.793647E-08  2.792340E-08  2.791803E-08  2.790315E-08  2.788856E-08  2.787923E-08  2.786719E-08
Gas           Sam
0.000000E+00  0.000000E+00  0.000000E+00  0.000000E+00  0.000000E+00  0.000000E+00  0.000000E+00  0.000000E+00  0.000000E+00  0.000000E+00  0.000000E+00  0.000000E+00  0.000000E+00  0.000000E+00  0.000000E+00  0.000000E+00  0.000000E+00  0.000000E+00  0.000000E+00  0.000000E+00  0.000000E+00
0.000000E+00  0.000000E+00  0.000000E+00  0.000000E+00  0.000000E+00  0.000000E+00  0.000000E+00  0.000000E+00  0.000000E+00  0.000000E+00  0.000000E+00  0.000000E+00  0.000000E+00  0.000000E+00  0.000000E+00  0.000000E+00  0.000000E+00  0.000000E+00  0.000000E+00  0.000000E+00  0.000000E+00
0.000000E+00  0.000000E+00  0.000000E+00  0.000000E+00  0.000000E+00  0.000000E+00  0.000000E+00  0.000000E+00  0.000000E+00  0.000000E+00  0.000000E+00  0.000000E+00  0.000000E+00  0.000000E+00  0.000000E+00  0.000000E+00  0.000000E+00  0.000000E+00  0.000000E+00  0.000000E+00  0.000000E+00
0.000000E+00  0.000000E+00  0.000000E+00  0.000000E+00  0.000000E+00  0.000000E+00  0.000000E+00  0.000000E+00  0.000000E+00  0.000000E+00  0.000000E+00  0.000000E+00  0.000000E+00  0.000000E+00  0.000000E+00  0.000000E+00  0.000000E+00  0.000000E+00  0.000000E+00  0.000000E+00  0.000000E+00
0.000000E+00  0.000000E+00  0.000000E+00  0.000000E+00  0.000000E+00  0.000000E+00  0.000000E+00  0.000000E+00  0.000000E+00  0.000000E+00  0.000000E+00  0.000000E+00  0.000000E+00  0.000000E+00  0.000000E+00  0.000000E+00  0.000000E+00  0.000000E+00  0.000000E+00  0.000000E+00  0.000000E+00
0.000000E+00  0.000000E+00  0.000000E+00  0.000000E+00  0.000000E+00  0.000000E+00  0.000000E+00  0.000000E+00  0.000000E+00  0.000000E+00  0.000000E+00  0.000000E+00  0.000000E+00  0.000000E+00  0.000000E+00  0.000000E+00  0.000000E+00  0.000000E+00  0.000000E+00  0.000000E+00  0.000000E+00
Gas           
0.000000E+00  0.000000E+00  0.000000E+00  0.000000E+00  0.000000E+00  0.000000E+00  0.000000E+00  0.000000E+00  0.000000E+00  0.000000E+00  0.000000E+00  0.000000E+00  0.000000E+00  0.000000E+00  0.000000E+00  0.000000E+00  0.000000E+00  0.000000E+00  0.000000E+00  0.000000E+00  0.000000E+00
0.000000E+00  0.000000E+00  0.000000E+00  0.000000E+00  0.000000E+00  0.000000E+00  0.000000E+00  0.000000E+00  0.000000E+00  0.000000E+00  0.000000E+00  0.000000E+00  0.000000E+00  0.000000E+00  0.000000E+00  0.000000E+00  0.000000E+00  0.000000E+00  0.000000E+00  0.000000E+00  0.000000E+00
0.000000E+00  0.000000E+00  0.000000E+00  0.000000E+00  0.000000E+00  0.000000E+00  0.000000E+00  0.000000E+00  0.000000E+00  0.000000E+00  0.000000E+00  0.000000E+00  0.000000E+00  0.000000E+00  0.000000E+00  0.000000E+00  0.000000E+00  0.000000E+00  0.000000E+00  0.000000E+00  0.000000E+00
0.000000E+00  0.000000E+00  0.000000E+00  0.000000E+00  0.000000E+00  0.000000E+00  0.000000E+00  0.000000E+00  0.000000E+00  0.000000E+00  0.000000E+00  0.000000E+00  0.000000E+00  0.000000E+00  0.000000E+00  0.000000E+00  0.000000E+00  0.000000E+00  0.000000E+00  0.000000E+00  0.000000E+00
0.000000E+00  0.000000E+00  0.000000E+00  0.000000E+00  0.000000E+00  0.000000E+00  0.000000E+00  0.000000E+00  0.000000E+00  0.000000E+00  0.000000E+00  0.000000E+00  0.000000E+00  0.000000E+00  0.000000E+00  0.000000E+00  0.000000E+00  0.000000E+00  0.000000E+00  0.000000E+00  0.000000E+00
0.000000E+00  0.000000E+00  0.000000E+00  0.000000E+00  0.000000E+00  0.000000E+00  0.000000E+00  0.000000E+00  0.000000E+00  0.000000E+00  0.000000E+00  0.000000E+00  0.000000E+00  0.000000E+00  0.000000E+00  0.000000E+00  0.000000E+00  0.000000E+00  0.000000E+00  0.000000E+00  0.000000E+00
Gas           
0.000000E+00  0.000000E+00  0.000000E+00  0.000000E+00  0.000000E+00  0.000000E+00  0.000000E+00  0.000000E+00  0.000000E+00  0.000000E+00  0.000000E+00  0.000000E+00  0.000000E+00  0.000000E+00  0.000000E+00  0.000000E+00  0.000000E+00  0.000000E+00  0.000000E+00  0.000000E+00  0.000000E+00
0.000000E+00  0.000000E+00  0.000000E+00  0.000000E+00  0.000000E+00  0.000000E+00  0.000000E+00  0.000000E+00  0.000000E+00  0.000000E+00  0.000000E+00  0.000000E+00  0.000000E+00  0.000000E+00  0.000000E+00  0.000000E+00  0.000000E+00  0.000000E+00  0.000000E+00  0.000000E+00  0.000000E+00
0.000000E+00  0.000000E+00  0.000000E+00  0.000000E+00  0.000000E+00  0.000000E+00  0.000000E+00  0.000000E+00  0.000000E+00  0.000000E+00  0.000000E+00  0.000000E+00  0.000000E+00  0.000000E+00  0.000000E+00  0.000000E+00  0.000000E+00  0.000000E+00  0.000000E+00  0.000000E+00  0.000000E+00
0.000000E+00  0.000000E+00  0.000000E+00  0.000000E+00  0.000000E+00  0.000000E+00  0.000000E+00  0.000000E+00  0.000000E+00  0.000000E+00  0.000000E+00  0.000000E+00  0.000000E+00  0.000000E+00  0.000000E+00  0.000000E+00  0.000000E+00  0.000000E+00  0.000000E+00  0.000000E+00  0.000000E+00
0.000000E+00  0.000000E+00  0.000000E+00  0.000000E+00  0.000000E+00  0.000000E+00  0.000000E+00  0.000000E+00  0.000000E+00  0.000000E+00  0.000000E+00  0.000000E+00  0.000000E+00  0.000000E+00  0.000000E+00  0.000000E+00  0.000000E+00  0.000000E+00  0.000000E+00  0.000000E+00  0.000000E+00
0.000000E+00  0.000000E+00  0.000000E+00  0.000000E+00  0.000000E+00  0.000000E+00  0.000000E+00  0.000000E+00  0.000000E+00  0.000000E+00  0.000000E+00  0.000000E+00  0.000000E+00  0.000000E+00  0.000000E+00  0.000000E+00  0.000000E+00  0.000000E+00  0.000000E+00  0.000000E+00  0.000000E+00
Gas           
0.000000E+00  0.000000E+00  0.000000E+00  0.000000E+00  0.000000E+00  0.000000E+00  0.000000E+00  0.000000E+00  0.000000E+00  0.000000E+00  0.000000E+00  0.000000E+00  0.000000E+00  0.000000E+00  0.000000E+00  0.000000E+00  0.000000E+00  0.000000E+00  0.000000E+00  0.000000E+00  0.000000E+00
0.000000E+00  0.000000E+00  0.000000E+00  0.000000E+00  0.000000E+00  0.000000E+00  0.000000E+00  0.000000E+00  0.000000E+00  0.000000E+00  0.000000E+00  0.000000E+00  0.000000E+00  0.000000E+00  0.000000E+00  0.000000E+00  0.000000E+00  0.000000E+00  0.000000E+00  0.000000E+00  0.000000E+00
0.000000E+00  0.000000E+00  0.000000E+00  0.000000E+00  0.000000E+00  0.000000E+00  0.000000E+00  0.000000E+00  0.000000E+00  0.000000E+00  0.000000E+00  0.000000E+00  0.000000E+00  0.000000E+00  0.000000E+00  0.000000E+00  0.000000E+00  0.000000E+00  0.000000E+00  0.000000E+00  0.000000E+00
0.000000E+00  0.000000E+00  0.000000E+00  0.000000E+00  0.000000E+00  0.000000E+00  0.000000E+00  0.000000E+00  0.000000E+00  0.000000E+00  0.000000E+00  0.000000E+00  0.000000E+00  0.000000E+00  0.000000E+00  0.000000E+00  0.000000E+00  0.000000E+00  0.000000E+00  0.000000E+00  0.000000E+00
0.000000E+00  0.000000E+00  0.000000E+00  0.000000E+00  0.000000E+00  0.000000E+00  0.000000E+00  0.000000E+00  0.000000E+00  0.000000E+00  0.000000E+00  0.000000E+00  0.000000E+00  0.000000E+00  0.000000E+00  0.000000E+00  0.000000E+00  0.000000E+00  0.000000E+00  0.000000E+00  0.000000E+00
0.000000E+00  0.000000E+00  0.000000E+00  0.000000E+00  0.000000E+00  0.000000E+00  0.000000E+00  0.000000E+00  0.000000E+00  0.000000E+00  0.000000E+00  0.000000E+00  0.000000E+00  0.000000E+00  0.000000E+00  0.000000E+00  0.000000E+00  0.000000E+00  0.000000E+00  0.000000E+00  0.000000E+00
Gas           
0.000000E+00  0.000000E+00  0.000000E+00  0.000000E+00  0.000000E+00  0.000000E+00  0.000000E+00  0.000000E+00  0.000000E+00  0.000000E+00  0.000000E+00  0.000000E+00  0.000000E+00  0.000000E+00  0.000000E+00  0.000000E+00  0.000000E+00  0.000000E+00  0.000000E+00  0.000000E+00  0.000000E+00
0.000000E+00  0.000000E+00  0.000000E+00  0.000000E+00  0.000000E+00  0.000000E+00  0.000000E+00  0.000000E+00  0.000000E+00  0.000000E+00  0.000000E+00  0.000000E+00  0.000000E+00  0.000000E+00  0.000000E+00  0.000000E+00  0.000000E+00  0.000000E+00  0.000000E+00  0.000000E+00  0.000000E+00
0.000000E+00  0.000000E+00  0.000000E+00  0.000000E+00  0.000000E+00  0.000000E+00  0.000000E+00  0.000000E+00  0.000000E+00  0.000000E+00  0.000000E+00  0.000000E+00  0.000000E+00  0.000000E+00  0.000000E+00  0.000000E+00  0.000000E+00  0.000000E+00  0.000000E+00  0.000000E+00  0.000000E+00
0.000000E+00  0.000000E+00  0.000000E+00  0.000000E+00  0.000000E+00  0.000000E+00  0.000000E+00  0.000000E+00  0.000000E+00  0.000000E+00  0.000000E+00  0.000000E+00  0.000000E+00  0.000000E+00  0.000000E+00  0.000000E+00  0.000000E+00  0.000000E+00  0.000000E+00  0.000000E+00  0.000000E+00
0.000000E+00  0.000000E+00  0.000000E+00  0.000000E+00  0.000000E+00  0.000000E+00  0.000000E+00  0.000000E+00  0.000000E+00  0.000000E+00  0.000000E+00  0.000000E+00  0.000000E+00  0.000000E+00  0.000000E+00  0.000000E+00  0.000000E+00  0.000000E+00  0.000000E+00  0.000000E+00  0.000000E+00
0.000000E+00  0.000000E+00  0.000000E+00  0.000000E+00  0.000000E+00  0.000000E+00  0.000000E+00  0.000000E+00  0.000000E+00  0.000000E+00  0.000000E+00  0.000000E+00  0.000000E+00  0.000000E+00  0.000000E+00  0.000000E+00  0.000000E+00  0.000000E+00  0.000000E+00  0.000000E+00  0.000000E+00
Gas           
0.000000E+00  0.000000E+00  0.000000E+00  0.000000E+00  0.000000E+00  0.000000E+00  0.000000E+00  0.000000E+00  0.000000E+00  0.000000E+00  0.000000E+00  0.000000E+00  0.000000E+00  0.000000E+00  0.000000E+00  0.000000E+00  0.000000E+00  0.000000E+00  0.000000E+00  0.000000E+00  0.000000E+00
0.000000E+00  0.000000E+00  0.000000E+00  0.000000E+00  0.000000E+00  0.000000E+00  0.000000E+00  0.000000E+00  0.000000E+00  0.000000E+00  0.000000E+00  0.000000E+00  0.000000E+00  0.000000E+00  0.000000E+00  0.000000E+00  0.000000E+00  0.000000E+00  0.000000E+00  0.000000E+00  0.000000E+00
0.000000E+00  0.000000E+00  0.000000E+00  0.000000E+00  0.000000E+00  0.000000E+00  0.000000E+00  0.000000E+00  0.000000E+00  0.000000E+00  0.000000E+00  0.000000E+00  0.000000E+00  0.000000E+00  0.000000E+00  0.000000E+00  0.000000E+00  0.000000E+00  0.000000E+00  0.000000E+00  0.000000E+00
0.000000E+00  0.000000E+00  0.000000E+00  0.000000E+00  0.000000E+00  0.000000E+00  0.000000E+00  0.000000E+00  0.000000E+00  0.000000E+00  0.000000E+00  0.000000E+00  0.000000E+00  0.000000E+00  0.000000E+00  0.000000E+00  0.000000E+00  0.000000E+00  0.000000E+00  0.000000E+00  0.000000E+00
0.000000E+00  0.000000E+00  0.000000E+00  0.000000E+00  0.000000E+00  0.000000E+00  0.000000E+00  0.000000E+00  0.000000E+00  0.000000E+00  0.000000E+00  0.000000E+00  0.000000E+00  0.000000E+00  0.000000E+00  0.000000E+00  0.000000E+00  0.000000E+00  0.000000E+00  0.000000E+00  0.000000E+00
0.000000E+00  0.000000E+00  0.000000E+00  0.000000E+00  0.000000E+00  0.000000E+00  0.000000E+00  0.000000E+00  0.000000E+00  0.000000E+00  0.000000E+00  0.000000E+00  0.000000E+00  0.000000E+00  0.000000E+00  0.000000E+00  0.000000E+00  0.000000E+00  0.000000E+00  0.000000E+00  0.000000E+00
Gas           
0.000000E+00  0.000000E+00  0.000000E+00  0.000000E+00  0.000000E+00  0.000000E+00  0.000000E+00  0.000000E+00  0.000000E+00  0.000000E+00  0.000000E+00  0.000000E+00  0.000000E+00  0.000000E+00  0.000000E+00  0.000000E+00  0.000000E+00  0.000000E+00  0.000000E+00  0.000000E+00  0.000000E+00
0.000000E+00  0.000000E+00  0.000000E+00  0.000000E+00  0.000000E+00  0.000000E+00  0.000000E+00  0.000000E+00  0.000000E+00  0.000000E+00  0.000000E+00  0.000000E+00  0.000000E+00  0.000000E+00  0.000000E+00  0.000000E+00  0.000000E+00  0.000000E+00  0.000000E+00  0.000000E+00  0.000000E+00
0.000000E+00  0.000000E+00  0.000000E+00  0.000000E+00  0.000000E+00  0.000000E+00  0.000000E+00  0.000000E+00  0.000000E+00  0.000000E+00  0.000000E+00  0.000000E+00  0.000000E+00  0.000000E+00  0.000000E+00  0.000000E+00  0.000000E+00  0.000000E+00  0.000000E+00  0.000000E+00  0.000000E+00
0.000000E+00  0.000000E+00  0.000000E+00  0.000000E+00  0.000000E+00  0.000000E+00  0.000000E+00  0.000000E+00  0.000000E+00  0.000000E+00  0.000000E+00  0.000000E+00  0.000000E+00  0.000000E+00  0.000000E+00  0.000000E+00  0.000000E+00  0.000000E+00  0.000000E+00  0.000000E+00  0.000000E+00
0.000000E+00  0.000000E+00  0.000000E+00  0.000000E+00  0.000000E+00  0.000000E+00  0.000000E+00  0.000000E+00  0.000000E+00  0.000000E+00  0.000000E+00  0.000000E+00  0.000000E+00  0.000000E+00  0.000000E+00  0.000000E+00  0.000000E+00  0.000000E+00  0.000000E+00  0.000000E+00  0.000000E+00
0.000000E+00  0.000000E+00  0.000000E+00  0.000000E+00  0.000000E+00  0.000000E+00  0.000000E+00  0.000000E+00  0.000000E+00  0.000000E+00  0.000000E+00  0.000000E+00  0.000000E+00  0.000000E+00  0.000000E+00  0.000000E+00  0.000000E+00  0.000000E+00  0.000000E+00  0.000000E+00  0.000000E+00
Gas           
0.000000E+00  0.000000E+00  0.000000E+00  0.000000E+00  0.000000E+00  0.000000E+00  0.000000E+00  0.000000E+00  0.000000E+00  0.000000E+00  0.000000E+00  0.000000E+00  0.000000E+00  0.000000E+00  0.000000E+00  0.000000E+00  0.000000E+00  0.000000E+00  0.000000E+00  0.000000E+00  0.000000E+00
0.000000E+00  0.000000E+00  0.000000E+00  0.000000E+00  0.000000E+00  0.000000E+00  0.000000E+00  0.000000E+00  0.000000E+00  0.000000E+00  0.000000E+00  0.000000E+00  0.000000E+00  0.000000E+00  0.000000E+00  0.000000E+00  0.000000E+00  0.000000E+00  0.000000E+00  0.000000E+00  0.000000E+00
0.000000E+00  0.000000E+00  0.000000E+00  0.000000E+00  0.000000E+00  0.000000E+00  0.000000E+00  0.000000E+00  0.000000E+00  0.000000E+00  0.000000E+00  0.000000E+00  0.000000E+00  0.000000E+00  0.000000E+00  0.000000E+00  0.000000E+00  0.000000E+00  0.000000E+00  0.000000E+00  0.000000E+00
0.000000E+00  0.000000E+00  0.000000E+00  0.000000E+00  0.000000E+00  0.000000E+00  0.000000E+00  0.000000E+00  0.000000E+00  0.000000E+00  0.000000E+00  0.000000E+00  0.000000E+00  0.000000E+00  0.000000E+00  0.000000E+00  0.000000E+00  0.000000E+00  0.000000E+00  0.000000E+00  0.000000E+00
0.000000E+00  0.000000E+00  0.000000E+00  0.000000E+00  0.000000E+00  0.000000E+00  0.000000E+00  0.000000E+00  0.000000E+00  0.000000E+00  0.000000E+00  0.000000E+00  0.000000E+00  0.000000E+00  0.000000E+00  0.000000E+00  0.000000E+00  0.000000E+00  0.000000E+00  0.000000E+00  0.000000E+00
0.000000E+00  0.000000E+00  0.000000E+00  0.000000E+00  0.000000E+00  0.000000E+00  0.000000E+00  0.000000E+00  0.000000E+00  0.000000E+00  0.000000E+00  0.000000E+00  0.000000E+00  0.000000E+00  0.000000E+00  0.000000E+00  0.000000E+00  0.000000E+00  0.000000E+00  0.000000E+00  0.000000E+00
Gas           
0.000000E+00  0.000000E+00  0.000000E+00  0.000000E+00  0.000000E+00  0.000000E+00  0.000000E+00  0.000000E+00  0.000000E+00  0.000000E+00  0.000000E+00  0.000000E+00  0.000000E+00  0.000000E+00  0.000000E+00  0.000000E+00  0.000000E+00  0.000000E+00  0.000000E+00  0.000000E+00  0.000000E+00
0.000000E+00  0.000000E+00  0.000000E+00  0.000000E+00  0.000000E+00  0.000000E+00  0.000000E+00  0.000000E+00  0.000000E+00  0.000000E+00  0.000000E+00  0.000000E+00  0.000000E+00  0.000000E+00  0.000000E+00  0.000000E+00  0.000000E+00  0.000000E+00  0.000000E+00  0.000000E+00  0.000000E+00
0.000000E+00  0.000000E+00  0.000000E+00  0.000000E+00  0.000000E+00  0.000000E+00  0.000000E+00  0.000000E+00  0.000000E+00  0.000000E+00  0.000000E+00  0.000000E+00  0.000000E+00  0.000000E+00  0.000000E+00  0.000000E+00  0.000000E+00  0.000000E+00  0.000000E+00  0.000000E+00  0.000000E+00
0.000000E+00  0.000000E+00  0.000000E+00  0.000000E+00  0.000000E+00  0.000000E+00  0.000000E+00  0.000000E+00  0.000000E+00  0.000000E+00  0.000000E+00  0.000000E+00  0.000000E+00  0.000000E+00  0.000000E+00  0.000000E+00  0.000000E+00  0.000000E+00  0.000000E+00  0.000000E+00  0.000000E+00
0.000000E+00  0.000000E+00  0.000000E+00  0.000000E+00  0.000000E+00  0.000000E+00  0.000000E+00  0.000000E+00  0.000000E+00  0.000000E+00  0.000000E+00  0.000000E+00  0.000000E+00  0.000000E+00  0.000000E+00  0.000000E+00  0.000000E+00  0.000000E+00  0.000000E+00  0.000000E+00  0.000000E+00
0.000000E+00  0.000000E+00  0.000000E+00  0.000000E+00  0.000000E+00  0.000000E+00  0.000000E+00  0.000000E+00  0.000000E+00  0.000000E+00  0.000000E+00  0.000000E+00  0.000000E+00  0.000000E+00  0.000000E+00  0.000000E+00  0.000000E+00  0.000000E+00  0.000000E+00  0.000000E+00  0.000000E+00
Gas           
0.000000E+00  0.000000E+00  0.000000E+00  0.000000E+00  0.000000E+00  0.000000E+00  0.000000E+00  0.000000E+00  0.000000E+00  0.000000E+00  0.000000E+00  0.000000E+00  0.000000E+00  0.000000E+00  0.000000E+00  0.000000E+00  0.000000E+00  0.000000E+00  0.000000E+00  0.000000E+00  0.000000E+00
0.000000E+00  0.000000E+00  0.000000E+00  0.000000E+00  0.000000E+00  0.000000E+00  0.000000E+00  0.000000E+00  0.000000E+00  0.000000E+00  0.000000E+00  0.000000E+00  0.000000E+00  0.000000E+00  0.000000E+00  0.000000E+00  0.000000E+00  0.000000E+00  0.000000E+00  0.000000E+00  0.000000E+00
0.000000E+00  0.000000E+00  0.000000E+00  0.000000E+00  0.000000E+00  0.000000E+00  0.000000E+00  0.000000E+00  0.000000E+00  0.000000E+00  0.000000E+00  0.000000E+00  0.000000E+00  0.000000E+00  0.000000E+00  0.000000E+00  0.000000E+00  0.000000E+00  0.000000E+00  0.000000E+00  0.000000E+00
0.000000E+00  0.000000E+00  0.000000E+00  0.000000E+00  0.000000E+00  0.000000E+00  0.000000E+00  0.000000E+00  0.000000E+00  0.000000E+00  0.000000E+00  0.000000E+00  0.000000E+00  0.000000E+00  0.000000E+00  0.000000E+00  0.000000E+00  0.000000E+00  0.000000E+00  0.000000E+00  0.000000E+00
0.000000E+00  0.000000E+00  0.000000E+00  0.000000E+00  0.000000E+00  0.000000E+00  0.000000E+00  0.000000E+00  0.000000E+00  0.000000E+00  0.000000E+00  0.000000E+00  0.000000E+00  0.000000E+00  0.000000E+00  0.000000E+00  0.000000E+00  0.000000E+00  0.000000E+00  0.000000E+00  0.000000E+00
0.000000E+00  0.000000E+00  0.000000E+00  0.000000E+00  0.000000E+00  0.000000E+00  0.000000E+00  0.000000E+00  0.000000E+00  0.000000E+00  0.000000E+00  0.000000E+00  0.000000E+00  0.000000E+00  0.000000E+00  0.000000E+00  0.000000E+00  0.000000E+00  0.000000E+00  0.000000E+00  0.000000E+00
Gas           
0.000000E+00  0.000000E+00  0.000000E+00  0.000000E+00  0.000000E+00  0.000000E+00  0.000000E+00  0.000000E+00  0.000000E+00  0.000000E+00  0.000000E+00  0.000000E+00  0.000000E+00  0.000000E+00  0.000000E+00  0.000000E+00  0.000000E+00  0.000000E+00  0.000000E+00  0.000000E+00  0.000000E+00
0.000000E+00  0.000000E+00  0.000000E+00  0.000000E+00  0.000000E+00  0.000000E+00  0.000000E+00  0.000000E+00  0.000000E+00  0.000000E+00  0.000000E+00  0.000000E+00  0.000000E+00  0.000000E+00  0.000000E+00  0.000000E+00  0.000000E+00  0.000000E+00  0.000000E+00  0.000000E+00  0.000000E+00
0.000000E+00  0.000000E+00  0.000000E+00  0.000000E+00  0.000000E+00  0.000000E+00  0.000000E+00  0.000000E+00  0.000000E+00  0.000000E+00  0.000000E+00  0.000000E+00  0.000000E+00  0.000000E+00  0.000000E+00  0.000000E+00  0.000000E+00  0.000000E+00  0.000000E+00  0.000000E+00  0.000000E+00
0.000000E+00  0.000000E+00  0.000000E+00  0.000000E+00  0.000000E+00  0.000000E+00  0.000000E+00  0.000000E+00  0.000000E+00  0.000000E+00  0.000000E+00  0.000000E+00  0.000000E+00  0.000000E+00  0.000000E+00  0.000000E+00  0.000000E+00  0.000000E+00  0.000000E+00  0.000000E+00  0.000000E+00
0.000000E+00  0.000000E+00  0.000000E+00  0.000000E+00  0.000000E+00  0.000000E+00  0.000000E+00  0.000000E+00  0.000000E+00  0.000000E+00  0.000000E+00  0.000000E+00  0.000000E+00  0.000000E+00  0.000000E+00  0.000000E+00  0.000000E+00  0.000000E+00  0.000000E+00  0.000000E+00  0.000000E+00
0.000000E+00  0.000000E+00  0.000000E+00  0.000000E+00  0.000000E+00  0.000000E+00  0.000000E+00  0.000000E+00  0.000000E+00  0.000000E+00  0.000000E+00  0.000000E+00  0.000000E+00  0.000000E+00  0.000000E+00  0.000000E+00  0.000000E+00  0.000000E+00  0.000000E+00  0.000000E+00  0.000000E+00
Gas           
0.000000E+00  0.000000E+00  0.000000E+00  0.000000E+00  0.000000E+00  0.000000E+00  0.000000E+00  0.000000E+00  0.000000E+00  0.000000E+00  0.000000E+00  0.000000E+00  0.000000E+00  0.000000E+00  0.000000E+00  0.000000E+00  0.000000E+00  0.000000E+00  0.000000E+00  0.000000E+00  0.000000E+00
0.000000E+00  0.000000E+00  0.000000E+00  0.000000E+00  0.000000E+00  0.000000E+00  0.000000E+00  0.000000E+00  0.000000E+00  0.000000E+00  0.000000E+00  0.000000E+00  0.000000E+00  0.000000E+00  0.000000E+00  0.000000E+00  0.000000E+00  0.000000E+00  0.000000E+00  0.000000E+00  0.000000E+00
0.000000E+00  0.000000E+00  0.000000E+00  0.000000E+00  0.000000E+00  0.000000E+00  0.000000E+00  0.000000E+00  0.000000E+00  0.000000E+00  0.000000E+00  0.000000E+00  0.000000E+00  0.000000E+00  0.000000E+00  0.000000E+00  0.000000E+00  0.000000E+00  0.000000E+00  0.000000E+00  0.000000E+00
0.000000E+00  0.000000E+00  0.000000E+00  0.000000E+00  0.000000E+00  0.000000E+00  0.000000E+00  0.000000E+00  0.000000E+00  0.000000E+00  0.000000E+00  0.000000E+00  0.000000E+00  0.000000E+00  0.000000E+00  0.000000E+00  0.000000E+00  0.000000E+00  0.000000E+00  0.000000E+00  0.000000E+00
0.000000E+00  0.000000E+00  0.000000E+00  0.000000E+00  0.000000E+00  0.000000E+00  0.000000E+00  0.000000E+00  0.000000E+00  0.000000E+00  0.000000E+00  0.000000E+00  0.000000E+00  0.000000E+00  0.000000E+00  0.000000E+00  0.000000E+00  0.000000E+00  0.000000E+00  0.000000E+00  0.000000E+00
0.000000E+00  0.000000E+00  0.000000E+00  0.000000E+00  0.000000E+00  0.000000E+00  0.000000E+00  0.000000E+00  0.000000E+00  0.000000E+00  0.000000E+00  0.000000E+00  0.000000E+00  0.000000E+00  0.000000E+00  0.000000E+00  0.000000E+00  0.000000E+00  0.000000E+00  0.000000E+00  0.000000E+00
Gas           
0.000000E+00  0.000000E+00  0.000000E+00  0.000000E+00  0.000000E+00  0.000000E+00  0.000000E+00  0.000000E+00  0.000000E+00  0.000000E+00  0.000000E+00  0.000000E+00  0.000000E+00  0.000000E+00  0.000000E+00  0.000000E+00  0.000000E+00  0.000000E+00  0.000000E+00  0.000000E+00  0.000000E+00
0.000000E+00  0.000000E+00  0.000000E+00  0.000000E+00  0.000000E+00  0.000000E+00  0.000000E+00  0.000000E+00  0.000000E+00  0.000000E+00  0.000000E+00  0.000000E+00  0.000000E+00  0.000000E+00  0.000000E+00  0.000000E+00  0.000000E+00  0.000000E+00  0.000000E+00  0.000000E+00  0.000000E+00
0.000000E+00  0.000000E+00  0.000000E+00  0.000000E+00  0.000000E+00  0.000000E+00  0.000000E+00  0.000000E+00  0.000000E+00  0.000000E+00  0.000000E+00  0.000000E+00  0.000000E+00  0.000000E+00  0.000000E+00  0.000000E+00  0.000000E+00  0.000000E+00  0.000000E+00  0.000000E+00  0.000000E+00
0.000000E+00  0.000000E+00  0.000000E+00  0.000000E+00  0.000000E+00  0.000000E+00  0.000000E+00  0.000000E+00  0.000000E+00  0.000000E+00  0.000000E+00  0.000000E+00  0.000000E+00  0.000000E+00  0.000000E+00  0.000000E+00  0.000000E+00  0.000000E+00  0.000000E+00  0.000000E+00  0.000000E+00
0.000000E+00  0.000000E+00  0.000000E+00  0.000000E+00  0.000000E+00  0.000000E+00  0.000000E+00  0.000000E+00  0.000000E+00  0.000000E+00  0.000000E+00  0.000000E+00  0.000000E+00  0.000000E+00  0.000000E+00  0.000000E+00  0.000000E+00  0.000000E+00  0.000000E+00  0.000000E+00  0.000000E+00
0.000000E+00  0.000000E+00  0.000000E+00  0.000000E+00  0.000000E+00  0.000000E+00  0.000000E+00  0.000000E+00  0.000000E+00  0.000000E+00  0.000000E+00  0.000000E+00  0.000000E+00  0.000000E+00  0.000000E+00  0.000000E+00  0.000000E+00  0.000000E+00  0.000000E+00  0.000000E+00  0.000000E+00
Gas           
0.000000E+00  0.000000E+00  0.000000E+00  0.000000E+00  0.000000E+00  0.000000E+00  0.000000E+00  0.000000E+00  0.000000E+00  0.000000E+00  0.000000E+00  0.000000E+00  0.000000E+00  0.000000E+00  0.000000E+00  0.000000E+00  0.000000E+00  0.000000E+00  0.000000E+00  0.000000E+00  0.000000E+00
0.000000E+00  0.000000E+00  0.000000E+00  0.000000E+00  0.000000E+00  0.000000E+00  0.000000E+00  0.000000E+00  0.000000E+00  0.000000E+00  0.000000E+00  0.000000E+00  0.000000E+00  0.000000E+00  0.000000E+00  0.000000E+00  0.000000E+00  0.000000E+00  0.000000E+00  0.000000E+00  0.000000E+00
0.000000E+00  0.000000E+00  0.000000E+00  0.000000E+00  0.000000E+00  0.000000E+00  0.000000E+00  0.000000E+00  0.000000E+00  0.000000E+00  0.000000E+00  0.000000E+00  0.000000E+00  0.000000E+00  0.000000E+00  0.000000E+00  0.000000E+00  0.000000E+00  0.000000E+00  0.000000E+00  0.000000E+00
0.000000E+00  0.000000E+00  0.000000E+00  0.000000E+00  0.000000E+00  0.000000E+00  0.000000E+00  0.000000E+00  0.000000E+00  0.000000E+00  0.000000E+00  0.000000E+00  0.000000E+00  0.000000E+00  0.000000E+00  0.000000E+00  0.000000E+00  0.000000E+00  0.000000E+00  0.000000E+00  0.000000E+00
0.000000E+00  0.000000E+00  0.000000E+00  0.000000E+00  0.000000E+00  0.000000E+00  0.000000E+00  0.000000E+00  0.000000E+00  0.000000E+00  0.000000E+00  0.000000E+00  0.000000E+00  0.000000E+00  0.000000E+00  0.000000E+00  0.000000E+00  0.000000E+00  0.000000E+00  0.000000E+00  0.000000E+00
0.000000E+00  0.000000E+00  0.000000E+00  0.000000E+00  0.000000E+00  0.000000E+00  0.000000E+00  0.000000E+00  0.000000E+00  0.000000E+00  0.000000E+00  0.000000E+00  0.000000E+00  0.000000E+00  0.000000E+00  0.000000E+00  0.000000E+00  0.000000E+00  0.000000E+00  0.000000E+00  0.000000E+00
 Gas          
0.000000E+00  0.000000E+00  0.000000E+00  0.000000E+00  0.000000E+00  0.000000E+00  0.000000E+00  0.000000E+00  0.000000E+00  0.000000E+00  0.000000E+00  0.000000E+00  0.000000E+00  0.000000E+00  0.000000E+00  0.000000E+00  0.000000E+00  0.000000E+00  0.000000E+00  0.000000E+00  0.000000E+00
0.000000E+00  0.000000E+00  0.000000E+00  0.000000E+00  0.000000E+00  0.000000E+00  0.000000E+00  0.000000E+00  0.000000E+00  0.000000E+00  0.000000E+00  0.000000E+00  0.000000E+00  0.000000E+00  0.000000E+00  0.000000E+00  0.000000E+00  0.000000E+00  0.000000E+00  0.000000E+00  0.000000E+00
0.000000E+00  0.000000E+00  0.000000E+00  0.000000E+00  0.000000E+00  0.000000E+00  0.000000E+00  0.000000E+00  0.000000E+00  0.000000E+00  0.000000E+00  0.000000E+00  0.000000E+00  0.000000E+00  0.000000E+00  0.000000E+00  0.000000E+00  0.000000E+00  0.000000E+00  0.000000E+00  0.000000E+00
0.000000E+00  0.000000E+00  0.000000E+00  0.000000E+00  0.000000E+00  0.000000E+00  0.000000E+00  0.000000E+00  0.000000E+00  0.000000E+00  0.000000E+00  0.000000E+00  0.000000E+00  0.000000E+00  0.000000E+00  0.000000E+00  0.000000E+00  0.000000E+00  0.000000E+00  0.000000E+00  0.000000E+00
0.000000E+00  0.000000E+00  0.000000E+00  0.000000E+00  0.000000E+00  0.000000E+00  0.000000E+00  0.000000E+00  0.000000E+00  0.000000E+00  0.000000E+00  0.000000E+00  0.000000E+00  0.000000E+00  0.000000E+00  0.000000E+00  0.000000E+00  0.000000E+00  0.000000E+00  0.000000E+00  0.000000E+00
0.000000E+00  0.000000E+00  0.000000E+00  0.000000E+00  0.000000E+00  0.000000E+00  0.000000E+00  0.000000E+00  0.000000E+00  0.000000E+00  0.000000E+00  0.000000E+00  0.000000E+00  0.000000E+00  0.000000E+00  0.000000E+00  0.000000E+00  0.000000E+00  0.000000E+00  0.000000E+00  0.000000E+00
End of Analysis
"H3 factor",13.13339
"Linearity factor (0)",0
"Linearity factor (1)",0
"Linearity factor (2)",0
"Linearity factor (3)",144.9051
"Linearity factor (4)",238.1741
"Linearity factor (5)",0
"Collector Gains :",500,5000,5000,5000,500,500,50,500,1,5
"Number of deflectors available : ",33
"Source HT",8000
"Extraction V",740
"H Defl",220
"Trap",850
"Trap Voltage",24
"Repeller",4
"Filament V",-110
"Delta HP",59
"Z Lens",-35
"Delta Z",210
"Max Current",3.5
"Heater Current",1.5
"Quad 1",182
"Cubic 1",65
"Lin 1",-10
"Deflect 1 I",0
"Deflect 1 O",-10
"Offset 1",-20
"Offset 2",0
"Quad 2",-678
"Cubic 2",0
"Lin 2",0
"Q1 I Cor",0
"Q1 O Cor",0
"Suppressor",-150
"Mop Plate",-20
"ESA H1",805
"ESA H1 delta",0
"ESA H2",810
"ESA H2 delta",0
"ESA H3",810
"ESA H3 delta",0
"ESA HD",810
"ESA HD delta",0
"Batch Started: ","16:12:17 02:45:08"
"Data File: ","C:\Nu Stable\Results\2017\20171216 clumped Oman KDB\Data_3538 ETH4.txt"
"Sample Name: ","ETH4"
"Sample Weight: ",472
"Sample Type: ","Sam"
"Vial Number: ",6
"Sam Beam First CO: ","1.903788e-08"
"Sam Beam Last CO: ","1.539666e-08"
"Ref Beam First CO: ","3.674427e-08"
"Ref Beam Second CO: ","3.591620e-08"
"Ref BeamLast CO: ","2.797429e-08"
"Sam Depletion: ","19 %"
"Ref Depletion: ","24 %"
"Observed CP Temperature: ",70.572
"Std Dev: ","2.629e-06"
"Min: ","70.572"
"Max: ","70.572"
"Ave Started: ","16:12:17 05:50:34"
"Ave Stopped: ","16:12:17 05:09:43"
"Num: ",70
"Current Mass: ",45.8796
"Method File Name","C:\Nu Stable\Analyses\DI\CO2 20-6-20 clumped NuCarb.rdf"
"Version 4"
"Analysis Type","DI"
"Analysis Calculation Routine ","Clumped CO2 Iterative"
"Gas ID ","CO2"
"Ref Gas Identifier ","OzTech"
"Centring collector ",8
"Num of Ref/Sam cycles ",20
"Cycles length(secs) ",20
"C/O valve stabilisation time ",8
"Offset for zero measurement(amu) ",0
"Zero measurement time ",20
"Spare",0
"Spare",0
0
-1
-1
-1
-1
0
-1
0
-1
0
"Num Clumped Blocks","3"
"Do zero at start of block",#FALSE#
"Balance beams",#FALSE#
"Mag Hysteresis Offset",.001
"Apply Hysteresis Offset",#FALSE#
"DI Auto Gas balancing: ","True"
"Pirani pressure",.001
"Cold finger status","CF"
"Inlet transducer pressure",5.004779
"Sample operations:  InitialisePrepSampleRun; CheckIfCFRequired; UseCF; SampleTrapped; BalanceRefToSamValue; SampleReady; (BeamTooBig_RunningMisBalanced) ;"
"Number of sample chops",0
"Number of sample double chops",0
"Run from bellows",#FALSE#
"Max sample pump-over pressure (mBar)","1.000000e-03"
"Max sample pump-over pressure (raw)",6336
"Pre-balance Sam Beam","1.979206e-08"
"Min ref beam","3.876615e-08"
"Max ref beam","1.069255e-07"
"Ref bellows position",8398
"Sam bellows position",8444
"Balance %",-48.00357
"Initial Sam Beam","2.061154e-08"
"Final Ref Beam","8.790001e-08"
"Final Sam Beam","8.783346e-08"
"Pre-depleted Ref Beam",8.786979E-08
"InletPiraniPressure",.001
"Depletion Factor",.96
"Balance End","16/12/17 06:49:10"
"Water Trap Temperature Hot",-195.1766
"Water Trap Temperature Cold",-195.1766
"DP Version",25
"Num Gas Cycles ",1
"UseFrontHeightThreshold(1)",#TRUE#
"FrontHeightThreshold(1)",2
"UseBackHeightThreshold(1)",#TRUE#
"BackHeightThreshold(1)",2.7
"UsePeakWidthLimit(1)",#FALSE#
"PeakWidthLimit(1)",6
"RefGasFrontHeightThreshold(1)",40
"RefGasBackHeightThreshold(1)",10
"Measure_Elemental_Comp",#TRUE#
"Use_TCD_For_Elem_Calcs",#FALSE#
"Sample_Name","ETH4"
"Sample_Type","Sam"
"Sample_Weight",472
"Sample_Vial",6
"Standard_Type",""
"NoAnalysisCycles",1
"Gas1","CO2"
"Ref Gas1","OzTech"
"Analysis_Routine1","Clumped CO2 Iterative"
"ZeroWidth1",10
"NoZeros1",1
"ZeroTime1",10
"Delta wrt Std 1",#FALSE#
"AllowLinearityCorrection",#FALSE#
"Num Collectors",6
"LinearityFactor(Cent)",0
"LinearityFactor(Low2)",0
"LinearityFactor(Low4)",0
"LinearityFactor()",144905.1
"LinearityFactor()",238174.1
"LinearityFactor()",0
"UseH3Factor",#FALSE#
"H3Factor",0
"Axial Mass",46
"Anal Start",0
"Anal End",0
"Calc Linearity Correction from Ref Peaks",#FALSE#
"Temperature",25
"Std Temperature",25
"A_Factor",1.01025
"K_Factor",.04
"TemperatureCorrectionEnabled",#FALSE#
"GC ZeroMethod","Lowest Peak Limit"
"GC AllowZeroToCutPoints",#FALSE#
"GC UseIsotopicShift",#TRUE#
"GC InterpolatePeakHeight",#TRUE#
"GC NumZeroPoints",10
"GC Min Peak Height",.0000000001
"GC No UserPeaks",0
"SmoothingInterval",10
"DropFactor",1
"GradientRejectfactor",10
"SectionSize",100
"BackgroundStartTime",1
"CutOffTime",1000
"UseNewBackgroundCalcn",#FALSE#
"GC Label File","None.lab"
"GC No User Defined Background Points",0
"GC No Auto-detected Peaks to be Removed",0
"GC No Auto-calculated Background Points to Remove",0
"GC Std Peak In Sample",#FALSE#
"GC Std Peak Time",0
"Max Gap For Grouping EA Ref Pulses",20
"Group EA Ref Peaks",#FALSE#
"Use Defined Peak Limits (1)",#FALSE#
"Peak Start (1)",0
"Peak End (1)",0
"DP Version",25
"Num Gas Cycles ",1
"UseFrontHeightThreshold(1)",#TRUE#
"FrontHeightThreshold(1)",2
"UseBackHeightThreshold(1)",#TRUE#
"BackHeightThreshold(1)",2.7
"UsePeakWidthLimit(1)",#FALSE#
"PeakWidthLimit(1)",6
"RefGasFrontHeightThreshold(1)",40
"RefGasBackHeightThreshold(1)",10
"Measure_Elemental_Comp",#TRUE#
"Use_TCD_For_Elem_Calcs",#FALSE#
"Sample_Name","ETH4"
"Sample_Type","Sam"
"Sample_Weight",472
"Sample_Vial",6
"Standard_Type",""
"NoAnalysisCycles",1
"Gas1","CO2"
"Ref Gas1","OzTech"
"Analysis_Routine1","Clumped CO2 Iterative"
"ZeroWidth1",10
"NoZeros1",1
"ZeroTime1",10
"Delta wrt Std 1",#FALSE#
"AllowLinearityCorrection",#FALSE#
"Num Collectors",6
"LinearityFactor(Cent)",0
"LinearityFactor(Low2)",0
"LinearityFactor(Low4)",0
"LinearityFactor()",144905.1
"LinearityFactor()",238174.1
"LinearityFactor()",0
"UseH3Factor",#FALSE#
"H3Factor",0
"Axial Mass",46
"Anal Start",0
"Anal End",0
"Calc Linearity Correction from Ref Peaks",#FALSE#
"Temperature",25
"Std Temperature",25
"A_Factor",1.01025
"K_Factor",.04
"TemperatureCorrectionEnabled",#FALSE#
"GC ZeroMethod","Lowest Peak Limit"
"GC AllowZeroToCutPoints",#FALSE#
"GC UseIsotopicShift",#TRUE#
"GC InterpolatePeakHeight",#TRUE#
"GC NumZeroPoints",10
"GC Min Peak Height",.0000000001
"GC No UserPeaks",0
"SmoothingInterval",10
"DropFactor",1
"GradientRejectfactor",10
"SectionSize",100
"BackgroundStartTime",1
"CutOffTime",1000
"UseNewBackgroundCalcn",#FALSE#
"GC Label File","None.lab"
"GC No User Defined Background Points",0
"GC No Auto-detected Peaks to be Removed",0
"GC No Auto-calculated Background Points to Remove",0
"GC Std Peak In Sample",#FALSE#
"GC Std Peak Time",0
"Max Gap For Grouping EA Ref Pulses",20
"Group EA Ref Peaks",#FALSE#
"Use Defined Peak Limits (1)",#FALSE#
"Peak Start (1)",0
"Peak End (1)",0
"End of Data file"
Run Aborted

