10	9	21	11	7	21	18	24	44	29	40	45	48	49	49	25	15	19	16	24	51	86	87	80	35	34	32	17	20	40	55	62	36	16	18	16	17	29	51	55	47	48	28	26	38	26	34	24	19	30	31	14	12	13	25	23	25	33	49	41	49	88	117	139	129	142	130	130	119	141	127	169	131	145	161	127	128	144	125	140	144	134	155	147	129	141	146	127	123	149	135	125	122	117	97	96	73	53	35	22	17	12	4	10	4	3	2	2	1	0	2	1	0	0	1	1	2	1	0	1	1	1	2	1	1	0	0	1	0	1	3	0	0	0	0	1	2	1	2	0	0	1	2	1	0	0	0	0	1	0
8	7	12	8	9	8	10	8	15	35	42	52	27	23	20	20	15	12	8	11	37	75	84	55	23	10	7	5	10	11	24	33	11	9	10	6	8	10	19	11	12	14	8	10	15	14	9	23	31	17	7	5	16	37	20	16	11	13	29	47	26	36	59	85	133	125	132	135	121	145	144	149	161	135	158	138	143	120	137	137	132	124	151	126	120	130	144	152	128	115	143	135	129	136	119	136	112	127	117	87	65	43	37	22	7	9	7	4	2	5	0	4	1	3	1	1	1	0	2	0	3	1	1	1	0	1	1	0	2	1	3	1	1	1	2	1	1	1	0	1	0	0	0	0	0	0	1	0	1	2
7	2	2	2	2	3	4	8	10	15	45	37	15	15	19	23	31	15	11	16	36	53	41	12	12	5	3	5	3	28	31	16	4	4	4	12	6	4	2	5	4	4	7	13	10	5	10	14	47	32	12	12	6	17	19	29	16	23	52	66	56	42	51	51	80	93	133	128	133	125	143	138	141	139	145	153	123	122	137	140	150	138	138	155	136	139	117	131	137	123	146	131	120	145	133	145	137	129	137	136	126	98	119	70	67	48	32	21	11	8	8	7	2	1	1	0	1	2	0	0	2	2	1	2	2	1	1	0	0	2	1	1	1	3	0	3	0	1	5	0	2	0	0	0	2	2	0	2	1	0
3	2	2	2	0	0	1	3	0	5	2	16	4	6	18	41	65	33	31	11	29	28	22	8	6	3	5	5	4	16	29	18	7	3	2	6	8	3	4	2	3	3	2	2	7	8	11	19	52	51	30	6	5	8	18	24	21	21	38	89	103	76	87	55	44	49	40	51	73	112	136	142	137	146	143	131	163	144	152	144	135	121	138	153	126	134	160	137	114	138	122	129	119	105	147	136	150	134	143	141	131	150	120	130	119	123	89	107	69	62	46	24	13	10	3	2	4	4	1	1	1	1	0	1	0	4	1	1	1	3	1	2	0	1	2	1	0	1	0	0	1	1	1	0	1	3	2	0	1	2
2	3	0	2	3	2	2	0	2	3	2	5	6	19	20	29	35	19	15	24	14	9	6	4	2	2	3	4	7	7	11	5	2	2	10	7	8	6	6	7	6	11	6	8	18	32	30	32	42	43	18	5	10	34	65	31	29	47	64	119	113	112	70	34	25	19	18	20	62	92	113	127	128	134	144	146	155	150	149	146	126	126	121	134	132	146	145	115	122	126	124	143	149	116	118	139	126	150	125	145	128	113	124	142	138	151	134	122	135	113	115	75	74	34	36	14	16	11	8	7	3	0	1	1	3	1	1	2	1	1	1	0	3	1	1	2	1	0	2	1	1	0	0	0	0	1	0	2	0	0
1	2	3	2	1	1	3	0	2	1	1	7	7	14	15	34	34	16	12	13	16	5	6	4	4	3	6	6	7	4	5	8	6	4	11	17	10	14	14	26	30	27	25	19	11	36	47	42	58	49	22	10	7	31	49	50	51	85	136	106	136	119	86	36	14	9	4	11	18	39	37	78	131	128	147	114	134	142	169	160	147	118	145	153	137	115	118	125	130	154	121	110	133	148	134	122	114	125	141	139	148	120	153	140	130	142	130	141	130	135	150	127	127	119	88	61	31	28	17	13	6	4	2	4	1	1	1	1	1	1	0	1	1	0	2	1	0	0	3	1	2	0	0	0	2	2	1	2	0	1
0	0	1	0	0	0	0	0	5	2	4	3	9	9	14	19	36	25	13	9	25	32	25	4	6	3	10	18	11	12	7	5	5	12	21	25	10	7	16	35	39	41	48	27	23	49	41	66	56	71	55	31	18	40	67	76	75	90	94	101	120	119	80	50	19	8	14	11	7	13	26	29	39	82	123	122	142	138	129	154	149	148	149	149	143	157	125	117	107	121	132	127	123	127	155	120	127	114	127	99	114	127	127	143	128	140	143	153	150	146	158	144	153	130	121	130	128	81	54	27	28	10	6	2	3	2	2	0	0	3	1	0	0	0	4	1	3	1	1	2	1	0	1	3	1	0	0	1	0	0
1	0	2	2	0	0	3	0	4	1	4	2	5	6	12	9	24	24	12	11	10	19	17	13	5	8	10	33	35	7	11	2	22	20	37	29	16	5	10	26	45	48	38	40	32	37	29	40	65	75	83	95	68	57	84	98	109	96	100	88	110	108	120	70	49	21	17	22	18	21	43	37	26	32	57	79	132	140	110	133	140	139	135	162	154	157	135	140	128	151	125	105	136	140	118	122	123	120	113	148	137	121	114	118	109	126	140	127	123	158	142	144	143	172	145	136	171	151	114	94	65	33	11	9	2	1	1	1	2	0	0	1	2	4	2	1	0	2	0	2	0	0	1	0	1	1	0	1	2	2
0	0	1	2	0	0	0	2	0	3	3	3	5	2	3	6	11	17	6	5	8	14	4	13	4	6	2	23	28	24	17	30	34	62	58	61	27	12	13	26	39	41	15	27	31	26	26	27	27	52	58	67	90	83	87	108	126	108	95	89	92	115	110	114	114	68	53	49	45	49	58	36	16	20	31	35	51	100	117	130	138	141	171	155	128	154	147	138	128	142	144	122	130	124	122	124	125	138	132	110	136	117	149	112	154	121	121	121	124	111	135	131	117	147	124	109	94	96	108	93	93	82	40	17	7	3	3	3	3	1	1	1	0	1	1	2	1	2	0	0	0	0	2	0	2	4	0	2	0	0
0	1	1	3	0	0	0	2	1	4	3	8	7	3	5	7	11	11	4	5	5	3	7	5	3	3	11	13	22	16	15	31	72	63	72	67	27	19	24	35	27	25	17	17	27	17	4	9	16	15	25	66	99	97	119	110	112	105	115	124	89	108	120	122	117	89	73	87	74	72	74	35	17	11	27	36	59	94	95	113	141	132	139	146	121	127	129	128	145	145	131	147	145	129	127	123	138	126	147	147	145	136	130	137	140	106	118	127	134	109	111	109	118	101	101	92	70	54	53	38	45	64	35	24	13	7	4	3	1	0	1	1	1	1	1	2	1	4	0	0	3	1	3	7	3	1	1	3	2	2
1	1	0	2	1	0	1	1	0	3	1	2	2	5	3	4	5	6	2	5	8	6	5	3	3	2	7	1	9	7	15	34	42	46	71	63	51	26	16	20	20	13	19	12	6	8	7	5	4	2	11	26	57	110	108	126	108	126	121	103	103	120	120	116	115	88	68	69	105	96	77	43	29	35	68	124	173	174	155	121	129	116	142	117	142	141	129	117	123	130	116	148	136	136	139	138	121	147	153	129	156	151	127	127	122	134	162	134	140	137	121	130	135	138	116	118	70	48	43	39	16	26	16	12	7	8	7	2	4	2	1	0	0	1	0	0	0	0	2	1	0	2	14	13	6	2	1	0	1	2
1	1	1	2	0	1	3	2	0	2	0	1	2	4	2	3	2	2	3	5	8	7	3	2	0	2	2	4	0	3	14	19	25	37	78	58	44	13	10	7	3	4	3	1	2	1	2	0	2	5	17	45	58	99	109	133	122	113	105	108	122	99	100	106	89	88	64	58	77	87	78	45	78	98	206	271	261	219	149	111	77	79	88	119	126	137	141	120	147	127	146	158	148	135	131	138	158	146	160	123	162	140	130	160	142	141	126	131	143	141	157	144	147	136	133	121	123	97	113	58	37	17	17	22	6	4	2	2	5	2	2	1	0	0	0	2	1	2	0	1	0	5	21	41	12	7	1	1	2	2
3	2	1	4	4	3	1	4	1	1	1	0	3	0	3	3	0	0	1	1	4	4	8	10	2	1	3	4	1	0	6	7	12	23	49	99	66	31	5	5	3	2	4	1	1	2	3	0	4	3	1	13	22	53	112	130	132	129	116	92	103	109	86	71	76	65	56	58	38	28	64	87	110	229	311	304	312	260	175	65	27	34	25	54	78	95	119	113	141	103	113	121	151	155	150	151	161	149	146	172	145	139	111	150	140	156	144	148	134	149	154	115	133	128	133	140	136	115	117	108	103	69	48	19	14	10	11	9	1	4	1	1	2	0	1	0	2	3	1	2	2	1	19	42	32	11	4	3	3	5
1	3	3	7	9	9	3	0	1	0	2	1	1	1	1	2	2	1	1	1	1	0	2	4	2	1	1	1	2	3	3	1	4	8	32	90	72	39	14	3	1	1	0	1	0	1	1	0	3	3	1	1	7	15	22	77	97	130	119	108	99	88	88	94	89	61	48	37	16	20	19	52	153	265	285	349	352	305	257	98	32	12	14	16	26	42	56	85	120	123	129	110	135	118	145	123	141	136	158	159	162	139	159	169	128	136	126	135	128	121	133	154	128	131	153	125	139	147	139	135	94	123	92	90	66	33	26	20	14	13	5	0	5	0	0	1	1	0	1	0	1	2	10	51	20	7	7	4	6	7
2	2	1	12	27	14	4	0	1	0	0	2	1	3	1	2	0	1	2	1	1	0	1	0	1	0	0	1	4	1	0	2	5	7	16	46	77	74	26	6	0	4	1	0	1	0	1	2	1	1	2	3	3	6	10	42	93	112	133	123	86	88	92	93	89	42	31	31	18	6	16	37	147	252	266	347	328	337	307	232	72	26	20	32	50	41	27	26	37	72	96	115	137	134	124	120	99	125	144	118	144	167	129	152	146	130	140	127	128	137	145	110	128	143	131	144	144	141	129	146	150	112	128	117	113	93	103	86	67	49	25	16	1	2	7	1	2	0	0	2	1	1	17	57	32	15	7	10	15	14
1	1	1	4	16	7	3	2	2	0	0	3	2	0	1	0	2	1	2	1	1	2	1	2	0	1	1	0	1	1	0	3	3	5	15	31	67	88	37	20	1	2	2	0	1	3	1	2	0	2	4	0	0	1	14	21	63	99	121	110	127	75	129	109	64	40	23	32	21	4	9	33	89	178	315	354	339	364	344	305	109	70	47	67	51	43	27	16	14	16	24	65	102	125	127	139	150	100	104	113	139	130	143	155	132	157	135	156	161	129	131	125	133	144	133	140	127	138	142	135	157	146	156	120	123	126	115	132	111	89	76	64	35	22	17	4	2	2	1	0	1	4	15	44	25	12	9	12	17	21
2	1	0	4	5	2	1	0	2	2	1	0	1	0	1	1	0	0	0	1	2	0	1	1	0	1	1	3	0	2	2	1	2	1	9	15	55	77	86	35	8	2	3	0	0	0	1	2	1	0	1	4	0	2	4	4	32	88	114	149	111	107	114	115	63	57	24	28	17	9	8	16	35	103	227	320	360	319	327	323	234	139	92	77	44	12	6	7	9	8	9	19	47	84	108	114	134	138	120	106	132	123	138	152	120	125	156	156	127	141	140	142	125	139	159	124	140	129	116	137	134	135	138	157	154	145	140	123	116	126	105	100	73	32	23	9	1	3	2	0	2	1	15	38	18	15	23	21	26	23
1	2	0	1	0	0	0	1	0	0	0	2	2	1	0	0	0	0	1	0	0	1	0	1	2	0	3	1	0	1	2	0	4	0	4	24	36	74	81	70	29	4	2	0	0	2	0	2	1	1	3	1	1	2	6	8	21	65	93	111	111	106	120	82	70	66	56	37	13	3	3	10	14	45	130	263	307	369	385	361	326	312	228	113	55	20	20	9	3	7	3	14	27	57	88	88	112	121	127	168	129	118	104	124	122	125	131	141	123	158	129	129	144	144	134	149	126	135	134	146	136	138	150	130	141	139	147	148	144	140	143	121	87	80	52	22	7	6	2	2	2	1	10	37	34	37	30	18	12	13
1	1	2	4	2	1	0	0	2	3	1	2	0	0	0	1	1	4	2	1	0	1	0	1	1	0	0	0	0	1	2	2	0	1	2	6	15	39	75	95	49	18	9	1	0	0	2	3	0	1	1	0	0	1	4	2	5	33	83	114	115	127	113	95	86	42	50	30	19	8	11	7	15	19	60	165	324	337	363	381	361	309	260	131	81	43	28	15	12	7	6	6	26	73	71	90	75	80	127	123	104	148	124	120	102	128	130	140	121	143	138	142	163	148	147	141	125	117	144	141	146	129	162	131	137	150	152	143	137	135	139	143	139	89	51	34	13	6	3	5	1	2	9	30	32	26	44	23	11	9
3	0	0	1	1	0	2	0	1	2	1	0	0	2	1	0	1	1	2	2	0	2	0	0	3	1	1	1	1	1	0	2	1	0	3	5	16	46	70	56	53	10	5	2	0	1	0	3	0	0	1	1	2	1	3	7	9	29	84	101	135	120	124	80	91	66	66	34	36	26	38	14	15	16	40	129	248	301	338	341	321	349	285	153	120	80	38	24	6	11	17	17	56	84	89	126	82	58	50	76	87	113	150	147	143	104	136	124	115	113	128	106	143	145	134	147	144	140	144	143	140	123	150	129	132	124	141	154	151	158	173	147	151	132	112	69	25	13	9	4	2	2	4	27	48	36	32	14	8	4
1	1	0	1	1	0	0	3	2	1	1	0	0	2	1	0	0	3	0	1	1	2	0	1	1	0	0	2	1	1	1	1	1	1	1	1	6	10	24	60	72	63	11	11	2	2	1	2	1	2	0	0	1	1	1	1	5	7	22	71	88	100	135	123	84	89	92	57	44	35	46	31	19	20	23	49	89	204	289	318	368	359	306	233	218	178	70	28	22	12	29	38	65	90	87	94	82	54	51	69	48	71	122	136	131	133	137	136	131	112	111	119	102	130	136	144	145	144	135	127	125	119	132	153	143	131	130	120	125	158	167	154	157	175	118	123	74	33	25	7	3	4	11	17	32	19	16	7	3	2
0	0	1	1	1	3	0	1	0	1	1	0	0	2	0	0	0	0	0	0	1	3	1	0	0	1	2	3	0	0	1	4	0	0	0	0	0	12	27	37	48	58	15	7	2	1	1	0	1	1	1	1	0	0	0	0	1	4	27	70	87	116	124	113	126	102	76	59	31	19	31	41	34	6	27	23	52	142	219	325	342	315	342	323	292	204	126	47	27	34	31	48	55	53	40	57	76	83	64	29	38	61	94	118	138	138	113	128	106	143	127	126	126	143	108	123	122	117	145	116	136	145	161	135	146	153	139	142	150	121	146	147	159	158	156	122	125	88	61	36	16	10	7	15	36	27	10	9	3	2
1	1	3	1	1	1	0	1	0	0	0	0	0	2	1	0	1	3	0	3	1	1	1	5	3	1	0	0	1	1	2	2	0	1	3	0	2	3	8	17	30	37	63	13	9	1	0	1	1	1	2	1	1	1	2	2	2	2	6	23	71	107	124	129	136	121	89	57	21	15	9	20	17	41	27	11	38	63	123	207	315	334	343	357	323	283	205	109	71	54	26	45	40	35	28	42	64	90	81	53	56	89	98	103	108	146	120	144	130	136	140	144	124	130	137	127	84	101	101	141	122	140	134	126	148	148	129	134	145	131	144	135	149	131	151	149	142	118	144	83	41	21	10	16	36	24	5	4	1	2
2	0	0	0	1	0	2	1	0	0	0	0	1	4	1	1	0	0	2	0	2	0	2	1	2	0	0	1	2	0	0	4	2	2	0	3	2	1	3	9	22	34	35	22	9	2	2	0	2	1	1	1	3	1	1	1	1	2	2	6	32	87	111	131	140	131	89	49	21	10	5	12	13	18	20	6	12	13	29	57	129	279	322	371	330	337	310	253	143	63	43	37	58	51	26	35	61	61	81	99	81	91	96	91	85	111	109	120	112	119	129	144	138	125	129	139	127	131	126	112	116	121	146	142	134	139	142	123	123	144	125	132	148	125	147	148	145	144	156	121	101	49	37	34	36	16	5	1	0	1
1	0	2	1	0	0	2	2	0	0	0	1	0	0	1	0	2	0	0	0	1	1	1	2	0	2	1	0	2	1	1	4	2	1	0	1	1	4	5	7	10	12	22	23	12	3	1	1	1	3	0	2	1	2	3	1	2	0	2	9	16	71	114	119	117	118	93	54	26	11	7	9	16	21	10	6	4	5	8	23	62	217	312	348	360	363	342	275	184	101	79	40	59	32	14	15	31	58	56	56	64	79	74	64	48	63	93	122	127	121	111	109	113	130	123	123	121	150	121	119	120	113	120	109	121	141	134	121	132	128	124	117	123	130	146	137	135	129	137	108	126	106	83	59	46	18	5	2	1	2
1	0	1	0	1	0	0	3	0	0	1	2	0	1	2	1	1	1	1	3	0	0	1	4	0	1	1	0	0	2	2	1	0	1	1	0	0	2	3	6	11	10	19	22	12	4	2	0	1	2	0	0	1	1	1	1	4	2	2	12	15	73	134	122	118	129	105	68	24	12	17	19	29	21	6	10	5	9	12	20	77	197	315	340	327	349	349	329	246	157	72	43	40	16	12	12	33	25	17	28	47	54	35	32	51	98	93	109	127	129	114	133	108	101	106	128	103	135	130	130	139	134	123	142	105	117	146	148	132	116	159	125	131	148	105	155	138	135	124	140	157	123	124	72	39	28	7	6	0	1
1	0	0	2	1	0	2	1	2	0	1	2	2	1	1	0	2	1	3	1	0	0	1	1	2	0	2	0	2	1	2	0	3	1	1	2	3	0	3	11	8	15	13	7	13	7	1	0	2	0	2	1	1	0	1	1	0	2	4	2	9	38	68	108	123	121	112	113	51	26	28	17	27	27	28	21	22	14	19	20	42	111	192	308	350	369	336	319	311	189	100	66	39	20	11	26	25	11	14	26	47	39	28	22	56	64	110	103	115	115	107	102	101	118	109	115	132	120	126	126	139	117	142	129	142	103	116	111	131	157	181	115	121	97	126	129	129	142	150	146	137	133	134	144	81	36	20	15	7	10
0	1	0	0	0	2	1	1	0	0	1	1	1	2	1	1	1	1	0	0	1	2	0	2	0	2	1	0	0	2	0	0	1	0	0	1	4	1	3	2	3	6	9	17	11	16	2	2	1	0	1	5	4	1	2	0	1	0	2	5	5	24	52	105	112	125	132	127	102	46	19	7	7	21	36	46	70	38	28	34	41	46	96	234	339	302	368	358	329	223	168	105	84	67	50	37	19	24	15	18	40	45	40	37	31	60	88	71	76	59	89	89	95	115	106	106	96	114	97	92	110	107	132	120	139	125	121	107	107	110	144	150	139	134	133	110	109	143	144	139	125	125	142	133	115	103	63	27	14	20
0	1	0	0	0	1	1	2	0	1	2	4	0	2	2	1	1	1	0	0	0	1	1	0	0	0	1	0	2	1	2	4	0	2	1	2	1	0	0	1	3	3	6	13	14	11	3	4	3	0	0	0	1	0	2	0	2	0	2	3	1	5	16	51	94	111	128	138	116	68	19	9	5	14	36	65	79	89	56	52	31	34	65	166	262	347	348	350	336	318	228	147	113	89	51	30	10	27	38	19	29	41	69	60	57	73	74	42	21	31	58	60	60	75	71	80	94	96	94	53	41	53	89	95	112	118	128	140	120	106	128	138	166	146	146	132	111	112	122	145	131	145	142	157	129	135	122	73	29	29
0	1	1	0	0	2	1	1	2	0	1	1	1	1	0	2	2	1	3	1	0	0	0	0	0	1	0	1	1	2	0	1	1	1	2	2	2	0	2	0	2	2	4	4	7	15	3	1	0	2	3	0	2	1	3	0	1	0	1	0	0	0	9	19	81	107	110	114	138	84	35	13	16	20	62	62	80	65	39	50	27	18	39	78	162	243	323	305	349	347	301	205	126	96	38	30	33	44	47	11	16	27	67	117	102	92	58	19	17	16	22	31	44	38	41	55	73	94	81	36	33	60	62	48	48	83	121	112	142	133	101	107	139	135	140	150	150	119	117	144	118	145	137	168	131	118	124	117	97	81
2	0	2	1	2	2	0	0	3	0	0	1	1	2	3	6	6	4	4	1	0	1	1	0	1	2	1	4	1	1	0	0	0	3	1	0	2	2	2	2	0	0	3	3	9	10	3	1	2	0	0	0	1	1	1	0	2	1	1	4	0	0	3	5	18	61	102	110	123	118	105	58	27	12	44	59	55	63	45	22	15	8	14	25	64	101	222	277	336	353	321	277	193	129	68	45	50	59	47	17	7	32	74	86	107	111	74	37	19	21	34	55	54	34	33	58	71	53	69	63	61	84	48	31	27	46	83	98	101	114	123	122	134	129	160	171	128	145	126	117	115	115	137	119	136	139	115	136	125	127
0	0	0	0	2	1	0	0	0	3	2	1	2	3	2	9	5	3	1	1	0	2	1	0	1	0	0	0	1	0	2	0	0	1	1	0	0	1	0	2	4	4	2	2	3	6	4	1	0	0	0	0	0	0	1	2	2	1	2	1	1	0	2	4	13	31	78	104	118	134	122	99	62	38	23	24	43	39	24	12	4	4	10	8	31	43	88	164	236	327	323	294	267	182	101	44	47	73	76	34	19	18	52	104	117	129	108	93	72	54	46	69	94	54	38	65	63	54	65	86	63	72	35	13	11	46	75	46	71	86	123	123	152	131	134	139	156	153	138	128	109	93	148	146	125	124	128	122	148	119
1	0	0	0	1	1	3	0	0	1	2	2	3	7	4	3	7	2	0	1	1	1	1	0	2	1	0	1	2	0	0	1	0	0	2	3	0	0	1	0	1	1	0	1	0	2	0	2	0	0	1	0	2	1	2	0	2	0	1	2	0	0	2	5	11	38	84	120	122	117	106	104	42	26	12	21	40	21	8	6	10	13	8	23	29	43	56	121	238	294	325	350	292	194	127	60	57	56	68	43	23	47	85	95	105	131	122	122	112	95	89	102	100	91	60	68	43	45	66	74	54	48	16	24	22	51	54	40	31	48	75	151	147	123	134	134	119	137	144	146	141	118	131	123	131	123	148	135	134	134
0	1	0	1	0	3	0	0	0	2	1	0	2	1	1	4	1	0	2	1	0	2	1	0	2	0	2	0	0	0	0	0	2	0	2	3	0	2	0	1	1	1	0	1	0	2	2	1	1	1	0	1	0	1	2	1	3	1	1	3	1	0	1	2	2	16	34	101	128	114	136	128	99	47	19	21	19	16	2	2	7	17	15	17	20	28	32	70	229	301	335	334	303	195	114	73	27	28	36	34	29	29	73	85	128	108	119	122	118	130	115	92	71	43	19	33	53	73	96	101	54	41	19	14	28	42	31	20	30	48	61	93	128	125	133	125	127	134	104	154	140	156	119	110	119	130	125	131	151	148
0	1	0	0	5	2	3	1	0	1	0	1	3	1	2	1	3	0	0	1	0	0	0	2	0	1	2	2	1	0	0	1	1	0	2	2	1	0	1	2	0	1	2	2	0	3	0	2	1	2	0	0	1	1	2	0	1	3	3	0	3	0	2	1	1	1	9	19	73	102	108	124	127	113	48	38	41	19	12	7	8	7	5	5	10	26	14	17	54	107	195	310	356	326	263	149	87	24	18	21	19	12	26	48	99	118	124	106	107	95	98	71	54	24	15	19	14	39	50	76	80	60	41	58	32	30	25	39	44	53	64	72	108	132	128	143	141	117	132	110	148	142	146	116	107	109	127	148	128	138
0	1	2	1	1	0	1	3	0	0	0	3	1	1	1	4	0	2	1	0	0	0	0	1	0	0	1	1	0	0	1	2	0	0	2	1	1	0	1	1	1	0	2	2	0	0	0	0	1	1	1	1	0	3	2	0	4	1	0	1	1	1	1	1	1	1	10	17	47	91	98	128	119	112	110	101	67	36	23	24	12	13	6	9	9	25	14	10	27	50	141	244	329	336	304	223	108	38	19	12	17	13	11	23	49	48	70	69	59	47	44	31	35	25	13	5	12	24	33	58	41	26	16	43	37	19	13	31	39	59	79	72	61	53	82	110	135	142	135	131	125	142	142	134	111	127	110	138	121	122
1	1	1	0	0	1	1	1	1	1	0	0	0	1	1	1	0	1	0	0	0	0	1	2	3	1	1	2	2	0	0	1	1	2	1	0	2	2	1	1	1	1	0	0	0	3	1	1	0	2	1	1	1	0	1	1	2	6	0	0	1	1	0	0	2	3	4	8	28	68	103	103	131	120	140	115	132	93	40	23	9	8	8	8	8	15	12	5	11	27	101	226	295	301	340	204	98	51	24	31	24	13	17	15	17	21	29	29	34	20	16	13	18	8	10	5	15	29	36	51	29	17	15	12	9	5	11	14	44	49	58	76	38	30	33	85	93	109	105	143	114	127	162	146	140	123	117	93	154	118
1	0	2	1	2	0	2	3	0	1	2	2	0	0	0	0	2	1	2	0	3	0	3	0	3	0	0	2	0	1	0	2	1	1	0	0	1	0	0	1	0	1	1	1	1	0	0	0	2	0	0	1	1	1	1	1	0	0	0	1	1	2	1	0	3	1	3	4	6	16	40	57	103	112	133	147	134	134	84	28	12	13	25	8	5	5	3	0	3	9	28	73	202	274	315	308	220	107	73	45	53	36	20	10	16	11	13	20	17	20	25	7	25	20	11	5	14	39	74	56	26	9	11	15	10	5	11	9	35	46	51	45	37	21	16	39	47	80	127	131	142	121	150	150	150	145	151	117	106	96
0	0	2	1	0	0	1	5	1	1	1	0	1	1	3	1	2	1	2	1	0	1	1	0	0	1	1	2	0	2	3	2	0	0	2	2	0	0	2	2	0	2	0	0	0	0	2	1	0	0	1	0	0	1	0	0	0	0	1	0	0	0	1	0	2	0	2	3	5	15	31	54	102	107	129	116	117	127	95	43	11	30	41	15	6	3	6	7	1	5	23	42	93	247	310	311	257	208	163	92	37	30	22	16	11	17	14	11	8	22	25	29	44	29	14	12	9	23	60	58	35	24	27	32	38	20	11	18	23	50	67	52	36	16	8	11	27	41	104	126	131	121	145	137	120	123	132	124	151	90
1	0	0	0	0	1	0	1	0	1	1	2	1	1	1	3	0	1	1	1	2	2	1	1	1	0	1	1	1	0	2	0	1	0	0	1	1	1	1	0	2	1	0	0	0	0	2	2	0	2	0	2	0	0	0	1	0	3	2	1	2	5	0	2	0	1	0	2	4	3	20	18	57	99	109	130	127	136	115	74	19	14	27	10	6	7	9	8	10	7	11	20	40	146	252	318	319	292	275	90	46	17	28	44	41	67	28	19	16	17	17	34	67	48	22	25	13	16	61	52	45	36	52	71	59	38	27	19	21	47	53	46	20	8	11	7	17	30	70	105	96	110	99	148	147	146	134	159	131	140
1	0	0	0	1	1	2	0	0	0	1	1	1	1	0	0	2	0	1	2	1	0	2	0	0	2	2	0	1	0	1	1	0	1	2	1	0	1	1	3	1	1	2	0	2	0	2	0	0	1	1	3	0	4	4	5	2	0	0	0	2	1	1	2	2	0	7	0	0	1	7	19	17	65	105	122	130	133	103	90	67	19	11	14	2	5	10	18	26	29	18	10	22	43	140	291	345	338	251	130	48	27	43	86	77	77	71	42	29	24	30	48	76	47	51	29	25	66	46	29	36	38	88	83	72	54	35	21	18	40	46	18	17	10	20	12	19	45	72	61	72	93	114	146	160	140	122	136	138	152
3	1	2	2	2	0	0	3	0	1	0	1	4	0	0	0	1	1	0	1	0	1	0	0	1	1	2	1	0	0	1	4	0	0	0	1	3	0	0	0	0	0	0	1	0	0	1	0	2	0	2	2	2	3	2	1	1	0	2	0	0	1	1	1	0	1	0	2	1	1	1	4	9	13	37	112	135	134	129	111	75	46	22	17	11	8	14	14	22	48	25	7	9	33	101	220	315	298	286	245	106	59	60	89	88	80	86	68	49	47	65	93	100	75	59	54	60	45	19	25	38	54	63	91	71	31	42	34	27	21	38	23	24	24	10	35	46	49	51	35	23	41	73	109	110	124	159	130	142	171
1	1	1	0	0	0	0	0	1	1	0	2	0	1	0	2	1	2	0	1	0	0	1	1	0	4	2	0	3	0	2	0	1	2	0	1	0	0	0	0	1	2	0	2	0	1	1	0	1	1	0	1	1	0	2	1	1	3	0	4	1	4	2	2	3	0	0	2	0	0	0	0	2	8	11	39	87	120	126	138	115	85	31	32	38	16	10	9	22	26	30	14	12	41	75	124	247	291	347	305	238	120	88	81	71	39	39	71	73	91	118	113	101	91	62	31	50	20	20	11	31	46	69	48	32	21	29	35	13	23	31	27	16	11	21	44	75	70	64	27	16	23	52	96	112	139	144	155	127	131
1	1	2	0	1	2	0	2	2	0	0	0	0	2	0	1	0	1	1	1	2	0	1	4	0	0	1	1	1	0	0	0	0	0	4	1	1	1	3	0	0	1	1	0	0	1	0	2	3	1	0	1	1	1	0	2	2	6	7	9	7	5	0	7	2	2	2	0	2	1	1	1	3	1	5	20	63	88	113	129	135	124	67	44	57	47	18	12	9	26	16	22	34	54	35	65	84	202	293	293	309	211	122	61	43	19	22	47	78	101	123	116	101	78	38	15	26	38	22	12	15	18	28	16	17	16	19	44	28	24	12	8	18	21	16	31	42	69	68	34	18	7	16	29	60	92	121	126	145	150
0	0	1	1	0	0	0	2	1	3	1	0	0	1	1	2	3	0	1	1	0	0	0	0	2	2	2	0	2	0	1	0	2	2	2	0	0	1	1	0	1	0	2	1	1	0	2	0	0	1	0	1	0	1	4	1	4	0	6	9	6	5	5	3	1	2	0	3	3	1	2	2	0	1	2	10	18	59	110	129	136	117	108	89	81	64	27	13	21	2	7	6	22	24	17	21	50	115	246	288	316	285	188	110	38	14	17	44	87	109	100	104	89	58	22	19	15	43	40	25	16	8	9	5	6	15	39	73	61	25	16	24	32	32	29	18	40	72	60	25	18	12	13	19	33	72	101	132	135	126
0	1	0	0	1	1	0	1	1	0	1	0	1	1	0	2	2	1	0	0	0	0	0	2	3	0	0	1	0	1	0	0	0	1	3	2	1	2	0	1	1	0	1	0	2	1	0	0	1	0	0	1	0	0	2	0	0	0	2	1	6	9	9	5	1	0	1	3	2	2	0	0	4	1	1	4	5	12	51	95	112	125	127	106	94	68	53	23	33	11	4	3	8	5	4	5	8	32	88	164	242	298	331	268	134	65	28	41	67	89	135	99	101	83	48	32	35	42	54	35	30	7	10	12	9	25	34	88	132	94	67	31	41	45	41	30	13	22	55	67	39	28	33	38	21	24	41	74	102	122
0	1	1	2	1	3	0	1	3	0	2	0	1	0	1	0	0	1	2	1	0	0	1	1	0	1	0	2	1	0	2	1	0	1	0	3	0	3	1	1	1	0	0	3	1	1	1	1	1	1	1	2	1	1	0	1	0	4	0	5	4	5	3	8	4	1	0	1	1	0	0	2	2	3	1	0	1	6	21	42	78	120	137	128	119	108	89	57	32	10	6	8	3	8	2	4	11	23	70	104	216	307	291	283	198	95	73	76	55	75	97	100	73	47	31	34	43	91	81	63	54	33	20	12	9	22	60	89	128	96	90	58	36	30	45	37	16	25	43	91	88	63	69	48	29	20	25	37	35	70
0	0	2	0	1	1	0	0	1	3	0	1	1	0	2	1	0	0	0	0	0	2	3	0	0	1	0	0	0	1	1	0	2	2	0	1	1	1	0	1	0	0	1	0	1	0	0	0	2	0	1	2	1	1	0	2	1	0	2	1	7	3	9	3	2	2	0	0	0	0	3	2	0	0	0	2	0	1	5	17	46	117	136	130	124	103	89	68	24	12	16	18	10	0	5	7	9	17	26	50	129	250	312	329	270	195	85	57	50	52	53	77	49	23	28	23	71	104	137	167	125	94	42	18	15	22	53	84	108	62	36	25	19	26	50	26	30	38	54	75	99	83	77	64	35	19	29	34	27	40
1	2	1	0	1	0	0	1	0	0	1	3	1	1	1	1	2	0	0	0	1	1	0	1	2	0	2	3	0	0	0	1	0	1	4	1	2	2	0	1	1	1	0	2	1	0	0	3	0	2	1	1	0	0	1	1	1	2	1	1	1	4	4	3	0	1	0	4	3	2	4	4	3	1	0	0	0	0	7	5	24	85	121	128	142	135	114	96	57	33	56	39	19	11	3	5	7	4	11	20	48	163	275	320	283	230	186	56	24	15	19	31	21	16	19	30	66	98	111	160	202	174	140	56	42	33	35	49	105	66	24	15	15	8	24	34	51	41	48	52	91	84	82	70	64	48	47	24	11	15
0	2	0	0	2	2	1	1	1	0	1	1	0	1	0	0	2	0	2	3	1	1	1	2	1	1	0	1	1	1	1	3	2	3	1	1	0	3	0	1	4	3	0	1	0	2	1	3	0	1	2	0	0	0	0	1	2	1	0	1	0	1	0	3	2	1	1	0	1	1	0	2	7	3	4	2	2	2	0	1	8	22	70	106	126	116	126	133	104	87	84	85	61	37	10	3	4	3	2	9	34	95	214	261	303	273	148	41	10	9	5	12	14	17	22	56	71	75	73	118	181	223	214	104	66	43	50	60	90	85	22	4	13	12	20	17	45	24	39	68	68	96	97	93	82	65	52	28	5	6
0	1	1	0	4	1	1	0	0	0	1	2	0	0	1	2	2	1	2	0	0	1	0	0	0	0	0	2	2	0	0	0	1	1	2	0	0	1	0	3	0	0	0	2	1	2	1	2	0	1	1	0	2	1	0	2	4	0	1	0	0	1	4	3	0	0	1	0	1	1	2	7	2	3	1	1	1	0	1	0	3	9	17	61	122	135	140	133	158	128	106	110	70	54	19	8	6	3	1	4	9	21	62	189	284	301	231	117	39	13	8	7	18	36	56	71	61	33	37	45	103	178	228	184	128	93	103	117	102	91	44	16	9	13	13	17	25	31	50	46	68	101	94	79	88	84	57	21	7	11
1	1	0	1	2	2	3	2	1	2	0	2	1	1	0	0	0	1	0	2	1	0	2	0	1	0	0	1	0	0	0	1	0	3	0	2	0	0	2	1	2	1	2	0	0	2	2	3	4	3	2	1	1	0	2	2	2	1	1	1	1	2	2	0	1	0	2	1	0	2	2	2	6	2	2	0	1	1	1	1	5	2	16	38	100	127	119	133	147	149	132	70	47	19	13	4	7	6	3	5	6	18	73	169	259	247	155	75	30	16	11	25	42	81	61	48	24	12	19	49	135	173	170	177	170	132	111	125	116	94	58	21	27	27	29	14	16	33	49	72	73	88	81	98	77	87	48	27	15	23
1	1	0	1	0	0	1	0	3	3	0	1	2	0	2	1	0	0	0	0	0	2	0	0	1	1	1	1	0	1	0	1	0	2	1	1	1	0	4	0	0	0	1	2	1	3	0	1	3	0	1	1	0	1	1	2	0	0	3	1	1	2	1	0	2	2	1	2	3	3	4	0	0	3	2	1	1	0	0	4	2	2	6	18	30	84	117	141	134	140	140	125	54	49	28	31	16	6	4	5	11	5	15	43	92	198	249	233	139	84	51	39	48	54	85	52	22	7	5	26	60	78	116	173	196	196	163	147	117	115	70	51	43	60	65	49	26	27	35	51	65	63	72	68	62	61	81	60	44	40
2	2	1	0	1	2	1	3	2	1	2	1	1	0	1	1	1	1	0	0	1	0	0	1	1	0	2	3	0	1	3	2	3	1	1	2	1	0	1	3	1	2	1	1	0	1	0	5	1	0	2	1	2	1	0	0	2	1	1	1	2	0	1	1	3	0	2	0	1	0	0	0	0	2	3	4	3	2	2	1	0	0	2	7	11	12	38	100	98	115	119	136	113	81	61	70	40	18	11	2	7	5	11	18	53	137	228	267	258	174	97	101	102	103	52	51	13	9	8	14	24	35	71	109	137	147	153	135	177	120	113	91	100	85	65	64	45	40	17	12	36	47	34	25	45	55	72	64	71	87
1	2	0	1	2	0	0	0	2	0	0	0	2	0	2	0	1	0	0	2	0	0	1	0	1	1	0	1	1	2	1	0	1	0	3	1	3	0	1	1	1	0	0	0	0	0	2	0	0	0	2	0	0	0	1	3	1	0	0	0	0	0	1	0	0	1	3	1	2	0	0	2	0	0	1	1	0	0	0	0	2	2	0	1	6	8	20	50	108	128	143	130	153	144	94	77	77	29	17	8	5	4	0	7	35	69	144	218	264	245	104	86	100	86	71	30	20	19	32	13	21	35	27	28	51	74	114	122	162	132	147	104	114	80	61	74	77	40	20	10	8	7	15	11	23	47	60	80	105	76
1	1	0	0	1	0	0	2	0	0	0	1	1	0	0	2	0	2	0	0	0	0	1	1	1	2	0	1	1	1	0	2	0	1	0	1	2	0	3	1	2	3	0	0	2	2	3	1	2	2	2	2	2	0	0	1	2	1	1	2	1	1	0	1	1	1	1	0	1	1	1	0	0	0	3	0	1	1	0	0	0	2	1	3	1	5	5	28	60	123	135	135	130	134	124	110	82	55	28	10	4	11	6	17	28	41	95	139	227	205	133	132	103	91	31	9	20	16	16	30	36	45	34	14	15	38	67	100	92	86	77	86	105	121	133	120	102	72	26	14	9	4	5	12	17	52	75	94	70	51
1	1	0	0	0	0	1	2	2	1	0	2	0	0	0	1	1	0	1	2	1	1	2	2	2	0	1	0	1	0	0	0	0	0	0	1	1	1	3	0	0	1	0	0	1	1	2	1	0	1	1	0	1	2	0	1	0	0	0	0	0	1	4	0	2	0	2	0	0	0	1	0	0	0	0	1	0	1	3	0	1	1	2	1	1	1	2	7	35	86	97	114	142	146	154	116	90	40	35	12	13	8	13	14	29	43	67	61	121	193	189	156	125	65	29	19	17	8	20	49	61	58	26	18	24	44	45	40	37	26	39	79	127	148	125	147	140	87	21	14	12	5	11	25	36	69	61	68	57	46
0	1	0	2	0	0	1	1	1	1	0	1	1	1	2	3	3	1	1	3	0	1	5	0	0	1	1	1	0	0	2	2	1	1	2	1	1	0	0	1	2	1	1	1	0	1	0	2	0	1	0	0	3	1	0	2	0	0	5	0	0	1	1	0	0	0	2	0	2	0	1	2	1	0	1	0	1	1	1	2	0	3	0	0	0	0	3	5	7	22	85	105	115	146	144	115	135	75	50	14	11	12	17	23	42	32	41	45	57	81	221	219	198	132	88	37	25	14	22	42	61	60	64	35	18	19	12	19	12	12	30	42	83	115	163	172	166	180	116	42	17	9	4	12	19	24	35	49	36	15
0	1	1	1	1	5	2	0	1	2	1	0	5	0	2	1	0	0	1	0	0	0	0	1	0	0	1	2	0	2	1	2	0	0	2	0	1	2	0	3	0	0	0	0	1	0	0	0	0	0	2	0	1	0	1	0	0	1	0	0	1	1	2	0	1	1	1	1	2	0	0	1	0	0	1	1	0	1	0	0	1	1	1	2	2	3	1	4	5	13	54	107	126	122	140	122	119	98	63	30	25	23	27	44	53	38	30	29	37	82	170	246	248	134	89	55	35	48	50	58	112	96	56	53	26	18	9	17	10	13	46	49	109	130	152	148	157	150	89	64	14	17	7	13	14	25	34	39	35	21
2	0	3	2	2	0	3	3	1	0	0	1	5	1	3	1	3	0	0	1	1	2	1	1	2	1	1	2	0	1	0	0	1	1	2	1	2	3	1	0	1	0	0	1	1	0	0	0	1	2	1	0	0	1	1	0	1	0	1	1	2	0	0	0	0	0	0	4	0	0	0	0	1	1	1	1	0	0	0	1	0	2	2	1	0	1	1	3	4	12	50	85	113	122	131	119	126	113	77	50	50	13	39	36	37	49	27	44	80	107	148	247	228	123	62	36	45	64	74	103	91	82	43	35	19	16	10	7	11	21	31	54	80	105	134	153	156	135	123	94	40	16	14	5	7	15	31	39	24	19
0	1	0	0	0	1	3	2	1	0	0	0	0	1	0	1	1	1	2	1	3	1	2	0	3	4	1	1	1	2	2	1	0	1	2	4	1	4	0	1	2	1	1	2	0	0	1	0	1	0	1	0	1	1	0	2	1	0	1	0	1	1	0	1	1	0	1	0	3	0	6	2	2	1	1	0	1	0	2	0	0	4	0	0	0	0	2	1	4	6	6	32	81	105	125	120	144	136	107	119	64	21	17	26	31	40	56	46	55	69	78	110	203	225	111	73	48	39	49	77	93	88	75	46	37	18	25	9	10	12	26	32	39	66	92	120	133	132	126	122	115	62	18	16	2	10	18	34	37	24
0	0	1	0	1	2	0	2	1	2	2	1	1	1	2	2	1	0	1	3	2	4	0	2	2	6	2	1	2	2	1	0	1	0	0	1	1	0	0	0	0	1	1	1	0	0	1	2	1	1	2	2	1	2	0	0	2	2	3	4	1	1	0	1	0	2	0	2	1	1	1	1	2	1	5	0	1	0	0	3	1	0	1	0	2	1	0	1	0	3	4	13	36	79	103	110	137	130	122	138	85	41	32	40	49	39	46	35	54	53	71	88	168	205	131	76	44	43	45	43	66	61	72	56	53	30	10	6	15	12	17	18	29	45	80	63	71	58	80	118	116	120	38	20	7	15	27	40	40	21
1	1	0	0	0	1	2	1	0	1	0	0	0	4	1	0	1	2	1	2	2	2	0	0	2	0	5	1	1	0	0	1	1	0	1	1	3	1	1	0	0	2	1	0	1	2	1	0	1	0	0	0	0	0	1	2	0	1	1	1	1	1	0	0	1	0	1	0	0	2	1	3	0	0	0	0	1	1	0	0	1	2	2	0	1	0	1	2	2	2	2	1	9	34	67	100	127	131	135	125	112	94	88	57	36	13	25	24	46	79	61	54	84	195	179	100	46	17	13	24	15	34	64	91	65	39	15	11	14	7	16	16	20	23	38	46	34	26	15	50	75	112	79	44	25	27	28	37	20	21
0	0	0	0	1	2	0	0	1	2	1	1	1	3	1	3	1	0	2	0	1	0	0	1	1	2	0	1	0	3	2	1	1	1	0	0	0	2	2	2	0	1	1	0	2	1	1	0	0	1	1	1	0	2	0	0	0	0	2	1	0	1	0	0	3	1	0	1	2	2	2	0	1	0	0	0	0	2	2	1	2	1	0	0	0	2	4	1	0	2	4	3	4	7	14	38	64	89	117	137	142	126	103	125	78	32	21	22	27	53	33	24	22	39	88	71	42	17	9	7	6	19	52	112	80	34	25	10	15	40	37	27	19	28	18	25	23	16	12	16	39	46	31	28	22	14	12	22	16	24
1	3	0	2	2	0	1	0	0	2	1	1	1	0	2	1	1	1	1	1	0	0	0	0	3	2	1	3	4	2	0	2	2	2	2	0	1	0	0	1	1	1	1	2	1	0	0	1	1	1	1	2	1	0	0	3	1	0	0	0	1	0	0	3	2	2	1	0	1	3	2	0	0	0	2	0	1	1	1	2	1	0	2	1	1	3	2	0	0	1	0	0	2	0	5	7	19	45	88	112	112	132	119	119	130	106	75	32	38	32	24	11	11	13	36	53	51	28	14	5	5	16	44	99	62	32	13	10	14	22	31	70	32	42	36	30	22	10	10	17	10	16	10	20	15	11	8	14	26	30
1	3	1	0	0	0	1	3	1	1	0	0	1	1	1	1	1	1	0	0	0	1	2	0	2	2	1	2	1	2	2	1	1	0	0	0	1	2	0	0	1	0	1	2	1	1	0	2	0	0	2	0	0	1	1	3	1	3	1	0	1	3	0	0	2	2	0	3	1	1	0	3	0	0	0	1	1	0	3	1	2	3	0	1	0	2	0	0	0	0	1	1	0	3	3	3	12	15	27	72	118	135	111	141	122	144	137	91	66	36	21	21	5	17	40	62	50	22	4	8	10	27	56	86	50	14	17	5	4	11	32	53	34	26	36	52	45	32	39	22	26	14	8	7	7	13	17	15	38	46
0	0	0	0	1	2	1	1	2	1	2	0	1	1	0	2	1	2	1	2	0	0	2	2	2	3	2	0	0	3	1	0	0	1	1	2	0	0	0	2	1	0	0	0	1	0	0	1	3	2	1	2	0	0	1	2	3	0	0	0	3	3	0	3	5	2	1	0	1	1	0	0	1	2	1	2	1	1	0	0	1	1	1	0	2	1	1	1	1	1	0	0	1	0	0	3	3	9	12	16	58	78	137	111	122	135	130	105	93	62	33	22	13	11	15	42	40	14	6	3	13	25	68	53	24	15	9	9	7	26	42	21	14	21	33	42	32	36	38	28	19	4	13	17	32	27	27	42	71	72
0	0	1	0	1	1	1	1	1	0	1	0	3	1	0	0	3	1	0	2	2	0	3	1	1	0	3	1	1	0	1	0	2	0	2	1	0	0	0	1	1	0	1	1	0	1	0	1	0	0	2	1	1	0	3	2	1	0	1	0	0	0	1	1	4	3	1	1	1	1	0	0	1	0	1	1	2	2	1	1	1	0	0	0	2	0	0	0	0	1	0	2	0	0	0	2	0	0	2	4	15	33	70	104	118	128	126	140	124	104	87	54	19	21	16	18	12	14	16	7	6	24	43	24	23	12	18	21	26	36	25	35	20	28	27	35	23	26	21	18	36	28	30	21	37	46	66	83	82	73
0	2	0	1	1	1	3	0	0	1	1	4	0	2	0	2	1	0	0	0	0	1	1	4	1	1	0	1	2	2	0	0	0	1	2	0	1	0	0	0	2	1	0	0	0	2	2	1	0	1	0	1	1	0	0	1	1	1	2	0	2	0	0	2	3	1	1	2	1	1	2	0	3	0	0	0	1	1	0	2	1	1	0	1	0	2	1	1	0	0	1	1	0	2	1	4	1	2	0	3	6	9	22	30	91	100	119	114	145	129	116	96	63	36	33	13	19	17	12	18	15	26	25	23	17	10	19	39	44	44	26	24	29	70	51	39	36	24	26	33	36	45	42	43	39	57	88	106	78	71
0	0	1	2	0	2	1	1	0	0	0	0	2	1	1	2	2	0	1	1	0	1	3	2	1	0	0	2	1	2	1	0	1	0	0	1	0	0	0	0	1	3	0	1	1	1	1	2	1	0	0	1	0	1	1	2	2	0	2	3	0	1	0	1	4	2	1	1	4	0	1	0	1	0	1	0	0	1	2	0	1	1	1	3	0	0	1	0	1	1	1	1	0	0	1	1	2	0	1	1	3	2	6	17	32	51	112	136	119	144	103	137	96	63	23	23	20	24	26	24	16	33	34	23	18	29	39	53	63	40	28	39	39	53	51	30	33	20	56	51	52	45	49	28	36	68	74	88	75	78
0	2	1	0	0	1	2	0	3	0	2	3	1	0	0	0	1	0	2	0	0	1	2	0	2	0	0	0	0	2	0	0	3	1	1	1	1	0	0	2	0	0	2	1	0	0	1	0	1	1	0	1	1	2	2	1	0	2	1	5	2	0	1	2	1	3	2	4	5	2	3	0	1	0	0	2	0	0	0	1	0	0	0	2	1	2	1	0	0	0	2	1	1	2	2	2	0	3	2	2	1	4	0	2	6	13	34	60	84	129	136	124	115	119	117	60	41	33	24	26	25	27	25	26	40	32	31	55	50	60	72	33	49	32	47	34	30	26	48	67	47	43	30	20	18	25	82	98	72	60
6	1	1	1	0	1	1	1	1	0	1	0	1	0	0	2	3	1	2	2	0	2	0	0	0	1	1	3	0	0	0	1	0	0	1	0	0	0	1	0	0	2	3	0	2	1	0	1	1	0	2	1	0	2	2	0	0	0	0	1	1	2	1	0	1	1	0	1	2	1	0	1	0	1	2	1	1	1	0	1	1	1	0	0	1	1	2	6	2	3	0	1	2	0	3	1	3	1	0	0	1	2	2	2	9	6	15	40	65	92	113	132	127	146	114	76	65	41	27	20	18	35	30	28	29	16	17	25	29	43	54	75	68	49	48	40	41	24	28	30	57	65	36	16	6	14	47	95	70	86
0	0	1	2	2	1	1	1	0	0	1	0	3	0	0	0	1	0	1	0	0	0	0	2	2	1	0	3	1	2	1	0	2	0	2	1	1	0	1	5	0	1	3	1	0	0	2	1	1	1	3	0	2	1	1	2	1	1	1	1	0	1	1	1	0	1	1	0	1	2	0	1	0	0	0	1	1	2	0	0	0	0	2	0	1	3	1	1	0	0	1	2	1	0	1	1	1	5	1	0	0	2	0	1	6	5	2	7	30	51	88	120	116	120	134	113	119	79	38	23	8	17	20	14	22	9	20	42	25	56	50	60	83	45	43	37	26	24	35	56	72	50	27	18	17	53	62	69	54	48
1	1	2	2	1	1	4	2	2	1	3	1	1	0	2	2	0	1	1	0	0	0	2	1	1	0	0	1	1	0	0	0	0	2	2	0	1	2	0	0	0	1	1	0	0	0	0	0	2	1	2	0	1	1	1	0	0	1	0	1	0	2	2	0	3	0	1	2	1	1	0	1	1	1	0	0	1	0	1	0	0	1	0	1	1	1	1	2	0	0	0	0	0	2	0	0	1	1	1	3	1	1	1	1	0	0	2	5	5	10	24	55	100	125	123	158	124	115	121	77	25	27	28	33	16	27	37	44	28	42	63	83	74	73	52	27	12	21	26	47	29	31	27	23	35	38	22	30	47	29
1	1	1	5	0	2	0	0	0	0	1	0	2	2	2	2	0	1	1	0	1	1	1	0	1	1	0	1	0	0	1	2	1	0	1	1	1	0	0	0	1	1	1	2	1	0	0	1	1	3	1	0	2	0	0	0	0	0	1	1	0	2	3	0	3	1	0	1	2	0	1	1	1	0	0	0	1	1	0	1	1	2	2	0	0	0	1	1	1	0	0	1	0	0	3	0	0	3	1	1	0	0	0	3	0	3	0	0	2	8	11	24	40	78	132	123	147	125	123	125	93	40	38	25	18	35	48	31	23	21	63	78	79	77	54	43	16	12	20	44	18	11	18	21	35	43	48	22	25	30
2	2	1	0	2	0	0	0	0	1	0	0	0	0	1	1	1	3	0	0	1	1	1	3	0	0	2	4	1	0	2	0	3	1	0	0	2	1	1	2	0	2	0	2	0	0	0	2	1	0	0	0	0	1	2	3	0	2	1	1	2	1	1	0	1	2	1	1	1	0	3	1	1	0	0	0	0	0	3	0	1	1	3	1	0	3	0	1	1	1	1	0	0	0	2	1	0	1	1	2	1	0	0	1	0	0	1	1	1	4	1	3	12	18	67	102	97	121	137	146	150	121	77	64	35	47	40	40	21	11	33	53	77	51	25	24	29	20	15	31	16	11	12	26	47	39	42	52	40	14
1	1	0	0	0	1	0	2	1	1	1	2	1	0	0	2	0	1	1	1	0	1	1	2	0	1	2	1	0	0	1	0	0	2	2	0	0	3	2	0	2	2	0	0	2	1	1	0	0	0	1	1	0	0	0	0	0	0	1	1	1	0	2	3	3	1	0	1	0	0	0	0	0	1	1	0	3	0	0	0	0	2	0	0	1	0	0	1	2	1	1	0	2	0	0	2	0	0	3	0	0	1	0	0	0	0	1	1	0	3	2	5	1	6	21	41	61	106	102	128	150	137	136	103	76	64	59	37	7	14	25	39	46	40	32	35	43	36	29	17	25	20	33	56	51	33	45	36	20	8
2	0	1	0	0	0	0	0	2	2	1	0	0	0	0	1	1	0	2	1	1	0	0	0	1	0	0	0	0	0	0	3	2	1	0	0	1	0	1	1	1	0	3	1	3	2	2	2	0	0	3	3	1	2	3	0	1	1	1	0	0	1	1	0	1	2	1	1	1	1	1	0	0	1	0	1	1	0	0	0	1	1	0	1	0	0	1	0	1	0	0	2	1	2	1	0	3	0	1	1	0	1	1	1	1	0	0	2	0	0	0	0	0	3	8	23	30	57	121	120	123	122	121	116	107	90	76	50	14	13	31	24	32	38	42	40	37	17	10	9	25	57	45	55	41	42	24	12	16	14
2	0	0	1	0	0	1	1	0	2	0	0	1	1	2	1	1	0	1	1	1	1	0	0	1	3	4	1	2	2	0	3	2	0	3	1	1	0	2	1	2	1	1	1	3	1	1	0	0	0	2	2	2	1	0	1	0	1	2	1	2	4	0	1	0	2	0	0	0	2	1	0	0	0	0	0	0	1	0	0	0	0	1	3	0	2	1	1	1	0	0	1	1	2	0	1	1	0	0	1	1	0	0	2	0	1	0	1	2	0	0	1	1	1	1	5	11	13	44	91	106	120	130	126	131	119	110	61	39	25	35	30	43	38	27	29	13	6	8	9	20	47	50	54	45	20	15	13	12	16
1	2	0	1	2	2	1	0	0	0	0	0	1	1	1	3	2	0	0	1	0	2	1	1	1	0	1	1	0	1	1	1	1	0	2	0	0	1	1	1	0	0	0	0	0	1	1	2	0	0	1	0	1	1	2	0	0	1	2	2	2	1	0	2	2	0	1	0	1	1	1	0	1	2	0	0	2	0	2	1	4	2	0	0	0	1	2	0	1	0	0	0	1	1	1	2	0	0	0	0	2	1	0	1	0	1	0	0	0	0	0	0	3	0	1	1	1	4	13	20	57	83	113	125	105	130	145	110	87	52	34	31	42	31	28	20	9	8	6	6	16	27	59	43	63	48	23	21	18	21
2	0	1	1	1	0	0	3	1	0	1	0	0	0	0	3	1	0	1	0	0	1	0	2	1	0	0	0	1	1	1	0	0	4	2	0	0	1	2	0	0	1	0	0	0	0	1	0	0	1	1	0	1	0	3	2	2	0	1	1	3	1	0	1	2	0	0	0	0	1	1	4	1	2	0	1	1	1	0	0	1	1	1	4	1	2	0	2	0	4	1	0	0	1	0	2	2	2	0	1	1	1	1	1	1	1	0	4	0	2	1	2	0	0	1	2	0	2	2	9	9	26	79	105	131	120	136	118	132	125	55	54	38	34	27	17	15	14	9	3	12	22	39	42	45	42	27	26	37	34
1	0	0	2	0	1	0	0	1	2	3	1	3	0	2	2	1	0	2	1	0	1	0	0	4	0	2	2	2	1	0	0	1	0	1	3	1	3	0	1	2	0	2	2	0	1	0	1	0	0	1	1	0	0	0	1	1	1	0	0	0	1	0	1	0	1	1	3	0	1	0	0	0	2	0	1	0	1	1	0	1	0	1	1	0	3	0	0	1	0	1	0	0	2	2	2	1	0	1	0	0	1	0	0	0	2	0	1	0	2	0	1	3	0	1	1	1	0	2	4	12	13	25	73	106	126	132	133	133	148	97	73	56	27	22	15	19	17	13	12	14	48	42	52	45	30	41	45	51	53
0	0	1	1	1	0	0	0	0	0	1	0	1	1	0	0	3	2	1	1	2	0	1	0	0	0	1	2	1	1	0	1	1	1	1	1	1	1	0	0	0	1	1	2	2	1	1	0	0	0	0	1	0	1	0	4	0	0	1	1	0	1	1	0	2	2	1	0	0	0	2	1	0	2	1	0	0	0	0	0	0	1	1	1	0	1	0	0	0	0	1	2	0	0	1	6	1	0	2	1	0	0	0	1	0	3	1	0	0	0	0	0	0	1	1	2	1	2	0	1	2	3	6	18	41	80	121	133	165	130	116	130	84	63	33	36	27	24	16	26	23	44	51	69	58	48	44	38	51	64
1	0	1	0	0	1	2	1	1	1	0	2	0	1	1	0	4	1	2	1	0	2	0	1	0	0	1	0	0	2	2	4	0	2	1	3	4	0	1	0	2	0	0	1	1	2	1	1	1	0	0	1	1	1	2	1	1	0	1	1	2	1	1	1	0	2	0	0	0	0	0	1	0	2	1	0	0	0	1	1	0	0	1	4	0	2	1	0	0	1	0	1	0	0	0	2	0	1	1	0	0	1	5	1	1	1	1	2	2	1	1	1	1	2	0	0	3	1	1	3	1	3	3	3	17	23	64	106	127	140	139	146	123	100	74	52	36	46	60	49	44	20	24	39	63	62	38	32	27	22
0	2	1	0	3	1	1	0	1	0	1	1	0	1	2	0	2	0	2	1	2	0	0	3	0	3	4	2	2	2	2	0	1	1	1	2	4	3	0	1	0	0	0	1	2	1	0	5	1	0	0	1	1	0	0	0	2	0	2	0	1	0	0	2	2	1	0	0	0	1	1	0	1	1	1	1	1	4	1	0	1	2	3	2	0	1	2	1	1	0	1	2	1	1	1	1	1	0	1	0	2	1	1	2	2	1	1	0	1	1	2	1	0	0	2	0	0	1	1	3	0	3	2	5	8	14	26	67	127	124	115	128	126	119	118	59	40	67	60	69	65	24	25	45	66	52	32	24	18	16
0	0	2	0	1	2	1	1	3	4	0	3	0	3	2	1	0	1	0	0	1	0	0	4	4	10	4	3	5	2	4	5	5	2	1	0	0	0	1	1	0	0	0	1	1	0	1	2	0	1	2	0	3	2	5	0	1	2	0	0	0	0	1	1	1	0	1	2	0	1	0	0	0	1	0	0	1	1	1	0	3	0	3	2	0	0	1	1	1	1	0	2	1	0	4	1	1	3	0	1	1	1	0	1	1	2	0	2	3	1	0	3	0	0	0	1	1	3	4	1	1	2	4	0	2	2	3	10	15	43	85	117	139	100	132	109	126	69	55	35	30	37	15	13	29	46	64	34	18	15
1	1	2	3	1	0	4	1	0	0	1	1	1	0	2	0	3	1	1	2	1	1	3	5	9	17	8	9	5	4	3	3	2	1	0	5	1	1	0	1	2	2	1	1	2	1	1	0	1	1	3	1	0	2	0	0	1	0	1	2	0	1	1	1	2	2	0	1	0	0	0	0	0	1	1	1	1	1	2	0	1	0	1	2	2	0	3	0	0	1	1	1	1	0	0	3	0	0	1	1	1	2	0	1	0	0	1	2	0	0	0	0	0	0	1	0	3	4	6	8	5	2	1	3	0	0	2	8	12	24	86	121	137	132	121	127	138	62	30	45	29	12	11	10	20	22	22	20	15	13
1	0	1	1	0	0	0	0	1	0	0	2	3	1	1	2	0	1	0	1	1	0	3	13	15	3	8	15	7	5	5	2	0	1	1	0	0	3	1	0	0	0	0	0	0	1	0	1	1	1	1	2	1	1	3	2	2	1	1	2	1	1	0	0	2	1	1	1	1	0	0	1	1	0	1	0	0	1	1	2	0	1	1	2	0	0	0	1	1	2	1	1	2	1	0	0	2	2	0	0	1	3	0	3	1	1	0	0	1	0	0	1	1	0	4	1	1	1	5	4	7	6	5	8	4	1	0	0	6	10	18	58	97	133	153	126	125	133	89	79	43	19	15	16	24	12	14	6	6	11
0	2	1	0	2	0	0	1	0	4	1	1	0	1	0	0	3	1	2	0	1	1	2	5	10	5	6	6	12	10	5	3	1	2	1	2	0	0	2	0	0	0	1	0	1	1	3	0	3	4	5	1	1	0	0	0	2	0	1	3	0	0	0	2	1	1	0	1	2	1	0	1	0	1	1	0	1	1	0	1	1	0	1	2	2	1	0	0	1	2	1	2	3	1	0	2	1	2	1	2	0	1	3	0	0	1	2	2	2	0	1	0	0	0	1	1	2	0	2	3	1	1	6	4	0	4	0	2	3	1	11	18	60	85	120	127	147	126	129	109	56	23	21	24	14	9	11	13	4	10
0	0	1	0	1	2	0	0	1	0	1	2	0	2	0	0	3	1	1	1	2	2	4	2	10	1	5	7	16	5	5	7	6	1	1	2	0	1	3	0	1	0	0	0	2	0	2	1	4	6	4	3	2	1	0	3	1	1	1	0	0	1	0	0	0	1	1	0	2	3	1	0	0	3	0	1	1	2	3	1	0	0	2	1	1	2	1	5	0	1	0	1	0	0	0	2	3	0	1	0	0	1	1	1	1	0	1	1	0	0	1	1	0	0	1	2	1	1	4	0	0	5	9	3	1	3	3	1	1	1	0	9	9	36	62	120	118	132	130	93	77	43	37	39	35	22	12	20	22	34
1	0	1	2	1	2	3	2	0	1	1	2	3	3	1	1	0	0	0	2	0	0	1	0	3	3	3	2	5	8	9	9	2	3	1	1	1	2	2	0	2	0	2	2	1	3	2	1	3	7	8	7	4	3	2	1	2	0	0	1	1	1	1	0	3	0	1	1	0	1	1	1	0	1	0	1	1	1	0	2	3	1	1	1	3	1	0	1	2	1	2	1	0	0	0	1	0	1	1	2	2	1	0	0	0	1	2	1	0	1	1	2	1	0	1	1	2	0	0	2	2	1	2	1	0	0	1	0	1	2	1	3	13	27	69	92	126	126	130	112	54	37	50	60	24	20	18	37	42	50
1	3	0	1	2	3	1	4	2	2	1	0	2	0	1	3	0	1	1	2	1	2	0	2	6	1	3	6	10	7	6	5	3	1	0	3	1	2	2	2	1	0	1	2	1	1	0	0	5	12	3	3	2	0	1	2	3	1	0	1	1	1	0	1	2	2	1	1	1	1	0	0	2	0	1	0	0	1	1	1	0	1	0	0	1	0	0	0	1	1	2	1	2	1	0	1	0	0	3	0	1	0	2	0	1	1	1	1	0	1	1	1	1	0	0	0	0	1	1	0	0	1	3	2	1	0	1	0	1	3	1	0	2	7	14	41	93	126	122	119	125	64	51	48	35	18	14	33	35	55
1	1	3	0	1	3	2	8	2	1	1	1	0	1	0	3	1	2	1	2	0	4	1	1	3	6	9	4	9	10	6	7	3	1	1	2	0	2	1	0	2	1	0	2	2	1	1	0	4	7	4	2	1	3	2	1	2	0	0	3	1	2	0	2	1	2	0	1	0	1	0	1	1	2	1	0	2	2	1	2	2	0	1	1	1	0	0	1	0	0	1	5	1	1	0	1	0	1	2	0	1	0	3	4	1	0	2	2	2	1	0	1	0	1	0	1	0	1	2	3	3	3	0	1	2	0	0	1	0	1	0	0	4	3	18	36	84	111	120	118	103	70	53	35	19	25	25	32	54	49
1	0	8	2	1	3	3	10	11	7	2	4	7	0	2	0	1	3	2	4	3	3	1	6	3	6	1	4	2	7	10	5	1	2	1	0	1	1	1	2	0	2	0	2	1	1	0	4	6	5	2	1	2	1	0	1	2	0	2	3	1	2	1	2	1	1	0	1	1	1	1	2	0	1	1	2	1	2	3	1	0	1	0	0	2	1	0	1	1	2	1	1	0	2	2	2	0	1	2	1	1	1	0	1	0	0	2	2	0	0	2	1	1	3	0	0	0	2	1	0	2	3	0	2	0	2	1	1	0	0	2	0	2	1	9	22	47	90	119	119	138	93	68	23	21	21	17	24	44	38
1	3	4	4	1	4	13	33	56	17	2	3	3	2	3	3	1	3	2	2	3	5	0	1	0	4	4	2	6	10	5	7	2	2	1	1	2	0	2	0	0	0	2	0	0	0	0	5	6	1	1	1	0	3	2	1	0	1	1	5	9	2	1	1	0	2	0	2	1	1	1	1	0	0	1	0	0	0	3	0	2	0	1	0	0	0	0	0	0	1	2	0	0	1	0	0	1	2	2	1	2	0	0	2	0	1	0	4	1	1	1	0	2	1	1	5	2	1	0	0	1	2	3	1	1	0	2	0	2	1	2	1	4	3	3	8	13	53	109	127	136	123	99	70	46	23	10	20	32	30
1	10	7	6	0	9	17	78	90	35	10	1	6	1	1	1	0	1	1	3	1	1	2	1	1	5	5	5	2	10	6	10	4	2	2	2	3	1	3	2	0	3	0	2	2	2	2	0	3	0	0	2	1	1	0	2	0	1	1	1	5	2	0	3	0	0	1	2	1	1	0	1	2	1	3	3	1	0	0	1	0	2	2	1	3	0	1	1	2	2	0	2	1	1	2	1	2	1	1	1	1	2	1	0	1	1	0	0	2	0	1	0	4	0	1	0	0	0	0	1	0	1	0	0	0	2	0	1	1	2	0	1	0	1	0	4	5	21	70	105	124	108	112	99	70	30	26	33	27	32
2	6	2	1	0	2	8	27	27	10	4	0	2	3	2	4	7	1	0	1	1	4	1	1	3	3	4	7	6	7	14	6	6	8	9	0	9	1	3	5	2	1	2	3	2	1	1	1	1	1	2	1	2	1	1	1	1	1	1	0	1	1	0	0	0	1	0	1	0	2	0	1	0	0	1	0	1	0	1	1	0	0	3	2	1	3	1	0	1	3	0	0	3	1	0	1	4	0	2	0	0	0	1	0	2	1	1	0	2	3	0	0	0	1	0	2	2	1	2	3	1	0	0	2	0	1	1	1	0	0	0	0	0	1	1	1	4	11	47	74	97	114	128	88	55	31	21	27	21	32
0	5	1	3	2	3	7	6	15	5	3	3	0	3	1	3	3	3	3	1	2	0	3	3	0	2	1	5	11	4	5	12	15	14	9	3	1	6	6	4	3	8	6	6	3	3	0	2	3	2	1	0	0	1	1	0	1	0	2	0	1	0	0	2	1	0	0	1	1	1	2	0	0	0	0	1	0	1	3	0	0	1	0	0	0	2	0	0	1	0	1	0	5	0	0	0	1	1	0	1	1	2	2	1	1	3	0	2	0	1	0	1	1	0	1	0	2	1	0	2	5	1	0	1	1	1	0	1	1	2	1	2	2	0	1	1	5	6	19	75	112	128	109	112	53	35	21	23	37	60
1	4	3	2	4	3	1	5	4	1	0	0	0	3	3	0	7	5	4	2	2	2	1	1	3	1	2	3	3	6	9	13	11	25	5	3	7	3	3	10	6	7	5	5	6	3	2	4	2	0	1	2	0	0	1	0	1	2	1	0	1	0	1	0	2	2	1	2	1	1	1	0	0	0	4	2	1	1	0	1	4	1	2	0	0	0	0	1	1	0	2	0	1	1	0	1	0	1	4	1	1	1	0	1	2	2	0	1	1	0	0	2	0	0	0	1	0	0	0	2	1	0	0	1	0	1	3	0	0	0	4	0	0	0	3	2	1	5	9	30	96	124	119	121	53	26	28	40	50	57
3	2	1	1	1	0	4	4	4	2	0	1	2	0	1	3	6	5	4	1	2	3	1	1	2	0	3	0	0	5	7	10	12	15	8	9	6	8	22	19	8	8	6	5	5	11	3	1	0	0	1	0	0	2	1	1	0	3	0	1	3	2	0	0	1	1	0	2	0	0	2	0	0	0	1	0	0	1	0	1	2	1	0	0	2	3	0	2	0	0	0	0	0	1	0	3	0	0	1	0	1	0	1	1	2	2	0	0	2	3	0	0	1	2	1	1	0	1	2	2	1	2	1	2	1	1	1	0	0	0	1	0	2	1	0	0	0	5	5	9	26	63	117	110	109	53	18	15	43	48
3	1	1	0	3	1	0	1	1	1	2	1	2	1	2	2	3	1	4	1	2	0	2	1	1	1	1	1	1	4	2	3	6	7	14	17	22	15	14	16	5	3	9	7	6	7	5	2	2	1	1	1	1	2	1	1	1	2	0	0	1	0	1	3	1	3	1	0	0	0	1	0	1	2	2	1	5	2	1	3	0	3	1	3	0	3	0	0	0	3	1	1	1	1	0	1	0	1	1	0	2	0	1	1	3	0	0	0	0	1	0	0	2	0	3	3	1	3	2	1	3	6	3	3	3	1	1	0	2	0	0	0	2	3	1	5	0	1	1	1	7	15	77	109	114	91	22	10	30	24
2	2	2	1	0	2	3	1	3	4	0	0	3	1	0	2	3	1	0	1	4	0	1	3	2	2	1	0	0	1	3	5	7	16	17	20	13	8	11	5	4	4	6	3	1	3	2	0	0	1	0	1	1	0	1	0	0	0	1	0	1	1	3	1	0	0	2	2	0	0	3	0	1	0	2	1	0	0	1	0	0	0	0	1	2	1	1	2	0	0	1	1	0	3	2	0	1	0	0	0	0	0	1	0	0	2	1	1	2	2	0	2	0	0	1	1	1	1	2	2	6	4	2	4	1	1	1	1	2	2	1	0	0	0	0	1	1	1	1	0	5	19	31	88	103	108	51	24	19	15
4	3	3	1	2	2	2	1	1	0	3	2	0	1	1	1	1	2	1	2	3	4	2	4	4	2	0	1	1	0	1	2	7	6	16	9	17	11	4	1	2	0	3	3	5	2	2	0	0	0	2	0	1	2	0	1	0	0	0	3	0	1	0	0	0	0	0	2	1	0	1	0	0	0	2	0	1	2	1	0	0	0	2	1	0	0	1	1	0	2	0	0	3	1	0	1	1	0	1	2	1	1	0	0	0	0	0	1	0	0	1	1	0	1	1	2	0	4	0	2	4	8	2	2	0	1	1	5	1	1	2	1	1	0	1	1	1	2	1	2	9	32	56	103	94	59	51	24	20	28
3	0	1	3	1	2	2	3	3	3	5	2	0	1	2	2	2	2	2	1	1	3	1	2	2	2	1	1	1	1	1	2	1	8	10	10	14	7	8	5	4	5	9	7	6	2	1	0	0	0	1	1	1	1	0	2	0	1	1	0	0	0	1	2	0	3	2	0	1	1	0	0	0	3	3	0	1	0	1	2	1	0	1	0	1	1	0	0	1	0	0	0	1	1	0	2	0	1	0	3	2	0	1	1	1	3	1	1	0	1	2	1	2	0	3	1	0	0	1	3	2	1	1	2	1	0	3	3	1	3	2	5	2	2	2	0	1	1	1	2	2	15	55	113	108	102	67	40	28	34
0	2	0	3	2	1	2	4	0	3	6	0	1	4	1	1	3	1	1	1	2	2	1	3	2	1	2	1	2	2	2	1	2	3	11	7	16	14	12	3	7	6	17	11	6	1	1	2	1	0	1	0	2	0	2	0	0	0	2	4	0	0	1	0	1	2	3	2	1	0	2	1	0	1	1	0	3	0	1	1	0	1	0	0	0	2	0	0	0	0	1	3	0	1	2	2	0	0	2	0	1	0	0	0	2	1	0	1	1	0	1	2	1	1	2	2	1	3	0	1	1	1	1	3	1	2	3	4	2	5	5	3	3	1	0	1	1	2	1	0	2	3	27	72	119	95	97	47	36	40
1	1	2	3	1	1	2	1	1	3	4	4	0	1	0	1	2	2	2	0	1	1	1	2	2	1	1	0	4	5	1	4	1	1	6	8	6	11	9	16	22	16	29	18	4	0	2	0	1	2	1	1	0	0	2	0	0	0	0	0	0	3	1	2	2	0	2	0	0	1	1	0	1	0	1	0	0	1	2	0	0	2	0	1	1	0	1	1	1	1	0	2	0	1	1	1	0	2	2	0	0	0	1	0	1	0	1	0	0	0	0	3	1	0	0	2	0	1	1	0	0	3	1	1	2	1	1	1	2	0	7	6	5	0	2	1	0	2	4	2	1	2	11	41	84	121	121	96	66	50
2	2	2	1	1	0	3	0	1	2	2	0	1	3	2	2	4	2	0	1	2	2	1	1	0	0	2	0	3	4	3	0	0	0	4	2	2	3	10	16	16	15	20	13	3	5	0	4	1	1	1	1	1	2	3	1	0	1	1	3	1	0	0	0	1	1	0	0	2	0	0	0	0	5	2	0	2	1	1	1	0	1	1	0	1	1	0	1	3	1	0	2	1	0	1	1	2	2	1	1	0	1	2	0	0	0	0	1	1	0	0	0	0	0	0	0	1	1	1	1	0	1	3	0	3	0	1	0	1	2	4	3	2	0	1	2	2	3	2	0	1	5	8	32	81	101	100	104	66	70
2	1	1	0	0	1	3	3	0	0	1	4	0	0	0	4	2	1	2	1	5	6	3	5	0	0	0	3	1	4	11	1	2	1	4	1	1	2	4	9	14	10	6	7	4	3	0	2	2	2	1	4	2	2	0	2	2	2	1	1	0	1	1	0	0	1	0	0	1	1	0	0	3	0	0	0	0	0	1	0	1	1	0	2	1	0	1	1	1	1	0	0	2	0	1	0	2	1	0	0	1	1	2	2	1	0	0	1	0	1	2	0	0	0	1	0	0	0	0	1	0	1	2	1	1	0	1	0	1	2	1	3	2	2	0	2	2	3	2	0	1	2	9	22	79	90	107	118	99	86
0	1	1	2	0	1	1	1	1	0	2	4	1	1	0	1	3	3	1	2	12	8	6	6	4	3	0	0	2	7	22	3	3	2	1	0	0	5	4	5	12	8	6	9	2	2	1	3	1	2	6	1	1	2	1	1	0	0	0	1	0	0	1	0	1	0	0	0	1	0	1	2	0	0	1	0	1	1	1	2	1	1	1	2	1	3	0	3	2	3	1	3	1	2	1	1	2	2	2	0	0	0	0	0	1	0	0	0	1	3	0	0	1	0	0	1	0	0	1	3	1	0	3	0	0	0	1	0	1	2	0	1	1	0	0	1	1	0	2	1	3	2	4	9	39	81	97	108	105	74
3	3	1	0	1	1	1	0	1	1	2	0	1	0	4	2	1	2	2	6	9	7	15	9	1	3	2	3	1	2	8	5	2	1	2	1	3	2	0	1	6	8	2	1	3	3	2	1	0	1	0	0	2	2	4	2	2	2	5	0	1	0	2	0	1	0	0	0	0	0	0	0	2	1	1	0	0	2	0	1	3	1	1	0	2	0	0	0	6	1	0	0	3	0	0	0	0	2	0	2	1	1	1	0	0	1	0	1	2	0	0	2	2	0	0	0	2	1	3	1	1	2	1	0	1	1	1	1	2	1	0	2	1	1	3	1	2	1	2	0	0	3	2	12	24	81	93	124	75	41
0	0	0	1	0	3	2	3	2	2	0	2	0	2	2	1	4	2	1	3	4	1	7	12	4	3	2	0	0	2	2	1	1	2	1	2	1	1	5	2	3	2	3	3	1	2	0	0	2	2	0	1	2	1	3	1	1	2	2	2	1	2	0	0	2	2	0	2	0	2	1	3	1	2	1	1	0	0	3	0	1	1	0	1	1	1	0	0	0	1	1	2	1	0	0	1	0	1	1	0	0	4	0	2	0	1	1	0	0	0	1	0	2	1	2	1	0	2	0	0	0	3	1	3	0	0	0	0	0	1	0	2	2	0	1	1	3	0	1	0	1	2	2	10	18	54	98	111	109	94
2	2	2	1	1	1	2	1	1	4	0	2	3	1	4	2	4	1	2	5	10	4	2	6	3	0	0	2	3	0	2	0	2	4	1	2	1	0	1	0	1	2	0	0	1	0	1	0	2	0	2	0	0	1	1	1	4	1	4	0	2	2	2	2	2	0	0	0	0	1	2	1	2	0	0	1	1	0	0	0	0	1	0	0	0	1	0	1	1	0	2	0	0	1	2	2	0	0	1	1	0	0	0	0	0	0	0	0	1	1	0	0	2	3	1	1	2	2	0	2	2	0	1	3	0	1	2	0	2	0	0	1	0	2	1	0	1	2	1	0	2	0	1	2	4	13	37	82	99	101
1	2	1	0	1	1	0	1	0	0	0	0	2	10	5	1	0	2	9	9	5	1	2	2	5	0	0	1	1	0	2	2	3	1	0	0	2	0	0	1	0	0	2	2	4	0	2	0	0	3	0	1	1	0	0	2	2	5	10	5	1	2	3	0	2	1	1	0	0	3	1	1	0	0	3	1	0	0	1	2	1	1	3	1	0	0	0	1	1	3	1	1	1	0	0	2	0	0	0	1	0	0	0	1	0	0	1	1	0	2	3	0	2	1	1	3	0	2	2	1	0	1	2	1	0	1	2	1	1	0	1	1	0	1	0	1	1	1	2	0	0	1	0	1	8	12	31	95	98	95
4	2	0	1	2	0	0	2	0	1	3	1	2	4	4	5	2	6	1	5	1	1	0	0	1	1	1	0	1	0	1	0	0	2	1	2	1	0	1	4	2	1	0	1	0	1	1	1	1	2	1	0	0	1	2	0	2	3	1	5	3	3	1	0	2	0	0	1	2	1	1	0	2	2	2	1	2	1	1	1	0	2	1	1	4	1	0	2	0	1	1	1	1	4	1	0	0	0	1	1	1	1	0	0	0	1	0	0	2	1	2	4	2	0	3	1	0	0	2	1	3	0	3	4	2	0	1	0	1	0	1	1	2	0	0	0	1	1	0	1	2	1	2	4	6	6	8	56	85	104
1	4	3	1	0	1	0	0	2	2	4	0	1	3	2	1	2	2	3	5	2	2	2	1	1	0	1	0	0	0	1	3	3	2	1	3	0	3	0	1	1	1	3	4	1	3	0	1	0	1	2	1	0	0	2	2	0	3	1	6	1	3	4	3	1	0	2	1	0	6	1	3	1	2	3	1	0	0	4	2	1	0	0	0	1	0	0	0	0	0	1	3	1	0	0	0	0	1	2	1	0	2	1	0	0	0	0	1	2	1	0	2	0	1	1	4	0	1	0	0	1	0	2	0	1	0	1	0	1	0	0	0	0	1	0	0	5	3	0	1	1	2	3	0	0	4	2	27	67	95
10	4	2	4	0	0	2	1	0	2	0	4	2	2	5	1	1	1	3	1	3	2	2	1	2	0	3	4	0	1	1	1	1	0	0	1	1	0	1	1	1	0	1	2	3	2	1	2	3	1	3	2	1	1	0	0	0	7	2	5	5	0	2	3	2	2	2	2	0	2	2	4	2	2	2	4	1	4	0	1	0	1	1	2	0	1	3	0	2	1	0	0	1	2	1	0	0	0	2	0	1	1	0	1	0	0	0	1	0	2	0	1	2	0	1	0	0	0	0	0	2	0	0	1	0	1	1	0	0	3	0	1	0	0	1	2	2	0	1	1	0	1	2	3	3	1	4	5	19	45
3	5	1	2	1	1	2	0	4	0	0	0	1	2	2	0	1	0	1	0	1	3	1	5	1	1	0	0	0	1	1	1	0	2	0	0	1	1	1	0	0	0	0	1	3	1	2	3	0	0	3	2	0	1	3	0	2	1	0	1	4	0	3	1	1	0	1	0	2	2	1	3	4	7	5	1	2	2	0	2	0	1	2	0	2	3	1	0	2	0	2	1	1	1	3	3	2	1	0	0	0	0	3	1	0	1	1	1	3	2	1	0	0	0	1	1	1	1	1	1	1	1	1	2	0	1	0	0	1	0	1	2	0	1	0	0	1	0	1	0	0	0	0	2	2	0	2	1	10	9
8	2	4	1	2	2	2	1	1	3	2	2	0	2	1	3	0	2	0	0	4	0	0	3	2	2	1	2	0	2	2	1	0	2	3	4	1	4	3	2	1	1	1	3	0	0	1	0	1	2	1	0	1	2	1	3	0	1	2	2	1	1	3	1	2	2	1	3	3	1	0	5	6	10	6	8	4	1	2	2	0	3	1	1	1	3	0	1	2	0	3	0	0	1	0	2	0	0	1	2	0	1	2	1	2	1	0	1	0	2	1	4	1	1	1	2	1	1	2	0	1	0	0	1	0	0	1	1	0	2	1	0	0	1	0	1	0	2	1	1	0	0	1	4	1	2	0	3	6	10
7	5	2	6	3	3	2	6	1	1	2	2	1	0	0	1	2	3	0	2	0	0	1	1	1	3	1	1	2	0	3	3	0	1	0	2	1	1	0	2	0	1	3	0	2	3	0	1	3	1	0	2	1	3	2	1	4	2	2	0	0	0	1	1	2	1	1	1	0	0	2	1	2	7	10	8	6	5	6	0	1	0	0	0	4	1	0	3	0	1	1	0	2	0	0	2	2	2	2	1	1	1	1	1	0	2	2	1	1	0	0	1	0	2	0	2	0	1	0	1	4	1	1	0	0	0	0	1	1	0	0	3	1	1	0	0	0	0	2	0	1	1	0	2	1	0	0	0	4	7
3	4	4	1	6	5	2	2	4	9	3	0	2	0	2	2	2	0	1	2	0	2	3	0	0	3	1	0	1	0	2	3	2	1	3	1	0	1	2	0	1	3	1	3	2	2	1	1	2	2	3	1	1	1	1	2	2	0	1	1	1	2	2	2	1	2	2	3	4	0	0	2	4	12	9	4	6	7	3	4	1	2	2	0	2	0	0	1	0	2	0	1	4	1	1	0	0	1	1	0	0	1	3	1	1	1	0	0	2	1	1	2	3	1	2	1	0	1	0	1	0	1	0	0	0	1	2	2	0	0	2	1	1	1	1	0	1	2	0	0	1	1	2	0	1	0	1	0	3	6
2	3	5	3	1	7	1	4	3	4	2	2	3	1	2	1	0	1	1	0	1	0	3	2	0	0	1	0	2	2	6	1	0	1	0	1	0	0	2	0	1	2	0	1	0	1	4	1	2	3	1	2	3	0	1	2	2	3	4	3	1	1	1	1	1	0	2	3	1	0	2	9	18	16	4	5	8	3	2	2	4	1	1	1	1	3	2	0	0	2	1	0	0	0	0	0	2	0	1	1	1	0	0	1	2	0	3	0	2	0	0	2	1	0	0	1	0	1	0	0	0	0	1	1	1	0	0	2	1	1	1	4	1	0	0	0	2	0	1	1	0	2	0	1	4	1	3	3	0	4
3	11	2	2	3	1	0	2	2	0	3	1	1	2	3	1	2	2	1	0	0	5	2	1	4	1	1	2	2	0	3	1	0	3	1	0	1	0	1	0	0	0	3	1	1	3	2	2	1	2	1	0	0	0	1	0	3	4	0	2	1	0	0	4	0	2	2	0	2	3	1	4	10	24	8	6	6	6	2	2	1	1	1	1	1	1	1	0	2	0	1	2	0	0	3	1	0	0	1	0	2	3	1	0	0	0	0	1	1	2	1	1	0	0	2	1	1	1	0	1	3	1	2	2	1	0	2	0	0	1	1	0	2	2	1	0	0	0	2	2	1	0	1	1	2	1	0	1	1	1
3	12	4	3	2	2	2	5	7	1	2	0	1	1	1	4	3	2	1	0	2	3	1	1	2	1	1	2	2	3	2	2	0	1	2	2	3	0	1	0	1	0	1	0	1	3	3	0	0	0	1	0	0	0	1	0	3	2	2	1	0	2	2	4	1	1	2	2	3	1	2	5	16	44	22	10	22	11	3	6	5	1	4	3	0	1	3	3	4	1	1	0	0	0	0	1	4	2	0	2	2	0	0	1	0	1	0	3	1	1	0	2	1	0	1	1	1	0	1	2	2	1	0	1	1	1	0	0	3	2	0	1	1	2	1	1	3	3	1	0	1	2	3	2	1	1	0	1	0	0
3	7	5	5	1	3	2	2	1	0	3	1	1	1	0	2	3	1	2	2	1	1	1	0	0	0	1	3	0	1	1	0	0	2	1	1	0	2	1	2	5	0	1	3	0	2	2	1	2	0	1	1	2	0	1	0	2	0	0	0	1	1	0	2	1	1	1	1	6	0	4	8	24	44	18	20	17	5	14	12	3	7	4	3	3	0	2	1	0	2	2	6	2	4	1	2	3	2	2	1	0	2	0	2	0	0	0	1	0	3	0	1	0	2	0	1	2	0	1	1	3	0	1	2	2	1	0	0	0	0	0	1	1	1	0	0	0	0	1	1	2	1	0	0	0	1	0	1	3	0
2	6	2	5	3	3	2	3	3	4	2	0	2	2	1	2	1	1	2	1	1	0	2	3	2	0	5	1	3	4	1	0	1	3	0	1	1	2	0	1	0	0	2	0	2	0	0	0	1	0	1	2	3	0	1	3	2	0	3	2	1	1	2	1	1	1	0	0	1	6	9	18	49	43	16	12	17	15	17	20	11	7	7	2	1	4	3	7	2	8	6	2	1	2	17	9	10	9	2	0	0	3	0	1	1	1	2	0	0	1	1	2	2	1	0	0	0	0	3	1	0	1	0	2	1	0	0	1	0	0	0	0	2	1	0	0	1	1	1	2	2	0	2	0	1	1	0	0	0	1
7	13	7	2	2	1	5	1	2	0	3	1	3	2	1	1	2	0	1	2	3	2	1	2	1	0	0	2	0	1	3	1	1	2	3	0	1	0	0	3	4	4	2	0	0	0	0	2	0	1	0	3	3	0	1	2	3	1	0	0	1	1	0	0	1	2	3	2	2	1	9	29	63	32	14	18	26	25	30	18	11	5	8	8	3	2	1	4	2	5	3	1	3	0	10	9	2	2	1	3	4	1	0	0	1	3	0	0	0	1	0	1	0	0	0	0	1	2	2	0	2	1	0	2	0	3	1	0	1	0	2	1	3	1	0	1	1	0	1	3	1	2	0	0	1	2	3	0	4	2
4	30	7	7	5	2	4	5	2	1	6	6	1	3	3	0	0	1	2	2	1	1	1	1	2	2	0	2	1	2	1	0	0	0	2	1	1	2	0	1	2	4	1	3	3	3	2	1	2	0	1	2	2	2	1	1	0	3	0	0	0	3	2	1	0	1	1	3	2	7	26	76	55	49	22	30	40	33	18	16	10	11	7	6	5	2	2	4	7	9	0	2	0	2	4	1	1	1	0	2	2	7	2	2	0	1	2	2	2	0	0	0	1	2	0	0	1	3	3	3	1	0	1	1	3	2	1	2	1	0	1	0	1	0	1	0	0	0	0	0	1	1	3	2	0	1	0	1	0	2
9	6	5	5	5	3	2	2	1	4	3	2	1	2	1	1	1	1	0	1	2	1	1	2	2	2	2	0	2	3	2	3	2	0	1	2	3	2	2	1	1	0	1	2	1	2	3	2	1	0	0	1	3	0	1	2	0	1	2	0	1	2	0	2	1	1	4	2	6	22	62	114	78	60	42	35	45	29	17	22	13	6	6	4	2	0	2	1	0	3	2	1	1	0	2	2	2	1	0	2	10	10	5	1	0	0	1	1	1	0	1	1	2	1	0	2	2	1	0	2	0	0	4	0	1	2	1	3	0	0	0	1	2	2	1	0	0	2	1	1	1	3	1	1	2	0	0	0	0	1
3	6	4	7	3	3	1	1	0	0	2	1	1	0	1	2	0	1	0	2	0	1	2	1	0	1	3	0	1	1	1	1	2	2	1	0	0	3	0	0	5	0	0	2	4	2	1	2	2	1	1	1	0	3	1	0	0	0	2	4	0	1	3	1	1	1	1	2	11	26	81	98	92	100	82	70	43	35	15	21	13	6	0	1	0	0	1	3	0	1	1	2	4	0	0	0	0	2	7	6	12	8	6	3	1	1	1	2	0	1	0	0	2	0	1	1	1	1	0	2	1	1	0	1	1	0	1	1	1	2	2	1	3	5	1	1	1	1	1	2	1	1	1	0	1	1	1	2	4	3
5	2	5	0	2	0	2	0	0	3	1	2	5	3	1	3	3	1	0	3	1	2	0	0	1	1	5	1	0	0	2	3	0	1	2	0	4	1	1	4	0	0	2	0	3	0	5	3	1	0	1	3	1	2	3	1	0	1	1	3	3	1	1	0	1	2	1	4	10	43	107	103	134	115	85	55	39	12	19	28	10	4	0	1	1	2	1	0	3	3	0	4	2	3	2	0	4	1	6	16	18	9	5	3	2	1	0	0	1	0	1	3	1	1	3	0	0	2	0	2	0	0	0	1	4	1	1	1	2	3	1	0	0	1	0	1	1	2	0	1	0	3	1	2	0	4	0	0	0	0
5	3	2	0	2	1	0	2	0	1	3	4	9	2	2	2	1	0	0	2	1	0	0	2	2	2	1	2	1	2	3	3	3	1	1	3	0	0	1	1	1	1	1	3	0	2	2	0	2	2	1	1	1	3	1	2	1	2	3	1	1	2	0	3	6	4	4	10	26	76	86	99	96	71	77	39	36	33	37	38	7	3	0	1	1	2	4	0	0	1	3	0	1	5	1	0	4	3	13	7	21	19	11	1	1	1	1	1	0	1	0	0	1	2	2	0	2	1	1	0	1	0	0	3	2	0	1	0	3	0	1	0	0	1	1	0	0	1	1	0	0	0	0	0	0	4	3	1	1	1
6	5	3	3	1	0	1	3	1	3	2	3	2	8	1	0	0	0	0	3	2	2	1	1	0	3	3	0	1	3	1	1	0	0	1	1	1	0	3	1	2	1	1	2	2	2	0	0	0	2	0	1	0	3	1	3	1	1	1	0	1	2	0	4	1	6	11	19	64	96	106	110	123	75	60	64	36	28	33	24	8	5	0	1	1	0	2	1	0	3	1	1	4	4	2	2	6	10	14	18	22	13	12	2	2	0	0	1	0	2	1	2	2	0	0	2	1	1	2	1	3	1	0	2	1	0	0	1	2	0	2	1	0	1	1	1	1	0	2	1	2	1	0	0	1	0	1	1	0	2
6	9	4	2	0	1	5	3	3	1	9	6	0	1	1	3	1	1	2	3	2	3	3	0	1	2	0	2	1	0	0	1	1	0	1	2	2	0	1	1	0	0	0	0	2	0	1	0	0	3	1	2	3	2	3	2	2	2	1	1	1	2	2	4	2	5	16	25	29	40	55	75	75	75	56	36	20	25	34	24	4	4	2	0	1	0	0	1	1	1	1	1	3	0	2	2	7	9	20	14	26	21	14	4	1	0	0	1	1	0	1	1	1	1	0	0	1	1	1	2	2	0	1	0	0	1	3	3	0	1	0	0	1	0	0	3	1	0	1	1	2	1	1	1	0	1	0	1	1	1
7	8	4	6	9	3	2	1	0	0	3	3	1	2	4	3	1	4	2	5	5	4	1	6	3	0	3	1	1	1	1	1	0	1	1	1	3	4	0	1	4	0	1	0	1	0	1	0	1	2	0	2	1	3	2	1	4	2	0	2	2	1	3	2	9	8	11	11	23	20	31	40	94	46	39	36	37	18	32	14	1	2	4	0	1	0	0	0	1	1	2	3	1	2	0	4	6	16	10	8	21	25	7	1	1	0	1	3	1	1	2	2	1	2	0	1	0	2	2	1	1	1	0	0	2	0	1	1	0	3	1	1	1	1	1	1	0	0	1	2	0	0	1	0	2	1	1	2	0	0
2	7	5	12	6	5	3	3	2	1	4	1	2	1	3	4	3	9	14	12	12	14	12	9	1	0	2	2	0	1	0	1	0	0	0	0	0	0	0	0	4	1	1	2	0	1	1	2	0	1	1	1	1	0	0	2	2	1	0	2	1	2	10	9	13	8	6	10	22	14	39	51	62	51	39	28	23	27	20	7	3	1	0	2	0	0	1	1	0	0	0	1	0	2	4	4	11	16	21	11	19	14	8	1	1	0	1	2	2	3	0	2	4	4	1	1	0	0	1	0	2	0	0	0	0	2	1	2	0	0	0	1	1	1	1	2	2	1	1	0	0	0	1	0	0	0	0	0	1	1
3	7	20	17	21	20	5	3	2	2	3	2	2	3	4	4	8	15	28	37	15	17	26	17	5	2	1	4	3	3	3	3	2	0	1	0	2	3	0	1	1	1	1	1	2	2	0	1	1	0	3	2	2	1	1	1	2	3	1	0	2	2	9	9	5	9	7	5	16	25	26	42	30	22	11	14	22	20	11	1	1	1	0	0	2	1	6	4	0	3	0	3	6	2	8	16	19	13	14	25	29	11	7	2	2	1	1	2	2	3	4	4	0	2	2	0	0	0	2	3	0	0	1	1	1	2	2	3	3	1	0	1	0	1	2	2	4	1	0	0	3	1	1	1	0	2	1	3	2	2
5	13	27	43	30	27	13	3	2	1	13	4	3	11	17	13	6	19	27	55	14	8	10	7	3	4	0	1	1	2	3	1	0	0	2	2	3	1	1	1	0	2	2	2	2	1	1	3	1	3	2	0	1	1	1	1	0	1	0	0	3	2	4	7	7	9	3	7	9	10	31	42	18	26	23	9	8	10	2	6	1	0	1	2	0	0	2	1	1	2	1	6	3	6	8	6	12	23	36	31	30	14	4	1	1	3	7	8	3	0	2	1	8	1	1	3	1	1	2	2	2	1	1	1	0	0	0	2	0	0	3	0	2	2	0	1	0	3	3	2	1	0	2	0	2	3	2	2	1	2
8	26	67	110	80	65	28	18	9	10	14	19	16	15	15	12	11	22	25	16	13	23	8	6	2	3	1	3	1	2	2	1	3	1	3	1	1	0	1	1	0	1	1	1	2	3	2	1	1	3	1	0	1	2	3	2	2	0	0	2	2	2	3	6	3	3	3	6	14	28	49	29	17	23	16	12	2	7	2	2	5	0	1	3	1	3	0	2	1	0	1	6	6	6	15	18	25	27	30	33	21	31	11	13	1	11	14	8	9	0	1	3	2	4	4	2	5	3	3	4	2	2	0	3	0	2	1	0	0	0	1	1	1	2	0	0	0	0	1	1	1	1	1	1	1	4	1	2	1	0
15	42	103	155	220	216	176	53	32	19	27	21	24	30	49	51	34	22	17	10	7	14	27	28	6	2	3	2	3	0	1	0	1	2	1	0	1	4	3	0	2	0	1	1	0	3	1	1	1	4	1	0	4	2	0	1	2	2	2	0	0	2	3	3	1	1	14	7	15	23	20	24	13	17	12	3	3	1	1	2	2	2	4	2	4	1	1	0	3	2	0	4	10	14	20	18	19	22	35	38	29	17	13	10	11	17	14	13	3	2	5	3	4	1	2	0	3	1	8	3	4	7	3	3	4	1	1	1	0	2	1	2	1	0	2	2	2	1	3	0	0	0	0	0	1	1	2	1	3	1
47	121	172	307	303	310	206	122	59	46	52	47	56	78	93	100	103	50	22	10	4	12	5	6	10	6	0	2	2	1	0	1	3	1	1	1	0	2	2	1	2	2	3	0	2	2	0	0	2	1	1	1	1	0	3	1	1	2	3	2	1	0	5	2	2	10	16	18	14	18	22	13	2	6	3	7	3	0	1	2	1	0	2	1	0	2	3	1	3	4	3	7	9	24	31	29	26	30	43	30	25	27	34	18	24	19	20	17	10	3	10	9	8	3	0	1	8	1	1	9	13	7	10	2	0	2	1	1	0	0	1	1	0	0	0	0	3	0	1	1	0	2	1	3	1	2	0	0	0	1
94	208	289	353	324	311	246	145	82	91	124	113	150	206	198	149	112	56	16	6	7	3	2	7	2	3	2	4	2	2	1	1	1	3	0	1	2	2	1	3	0	0	2	2	3	1	1	0	1	1	0	3	1	0	1	3	3	0	2	1	0	0	2	4	4	5	3	8	7	19	25	11	10	9	0	4	7	0	1	1	2	0	2	1	1	0	3	1	1	4	5	5	5	19	33	27	26	39	46	43	30	33	35	26	33	27	25	22	15	10	5	13	8	2	9	3	9	5	5	9	9	11	9	10	1	1	0	2	1	2	0	0	1	1	0	1	0	1	1	3	2	3	2	0	1	0	1	0	0	2
151	239	318	343	342	334	311	240	176	143	162	158	185	193	149	131	125	97	39	11	6	2	2	0	2	3	4	4	5	4	3	3	1	1	1	5	1	0	0	3	1	2	0	3	3	0	0	1	0	2	0	2	0	2	0	2	1	1	2	2	0	4	3	2	1	7	5	10	10	17	7	10	3	7	0	5	4	3	2	1	0	0	6	1	2	2	3	1	1	3	4	6	12	16	29	25	34	37	34	34	50	31	29	31	24	28	26	24	12	18	2	12	9	11	4	3	8	9	11	13	17	17	15	5	6	2	0	2	2	3	1	0	2	0	1	1	0	1	1	2	0	0	1	0	0	2	1	0	0	0
227	290	315	344	341	347	326	298	244	189	165	140	162	157	186	167	135	82	24	13	4	8	2	3	8	2	3	4	5	19	6	3	1	2	1	2	2	1	4	0	0	5	0	0	3	1	0	1	1	1	2	0	1	3	2	0	2	0	3	4	1	9	4	7	3	5	2	6	2	7	6	3	2	4	3	7	7	0	2	2	1	0	1	0	2	1	3	4	3	3	8	22	29	24	24	16	34	35	38	41	55	34	27	27	35	21	15	22	11	10	4	10	5	4	2	7	4	12	15	16	26	18	16	5	6	1	2	1	1	0	1	0	1	0	2	1	0	3	1	1	2	2	1	1	3	0	1	1	4	3
279	309	366	340	330	384	325	277	253	177	139	165	192	181	209	219	159	39	15	1	12	14	6	6	3	5	3	4	16	8	13	7	3	5	7	1	4	3	5	3	0	0	1	4	3	0	0	1	1	1	2	1	0	1	1	1	0	2	1	1	4	7	9	1	2	2	5	4	4	4	2	8	7	4	9	2	7	3	4	2	3	1	3	0	2	3	2	3	8	6	13	25	32	23	24	13	21	26	34	52	35	38	36	33	24	31	19	12	12	10	1	5	0	2	2	11	9	24	21	29	27	24	25	15	14	6	1	2	0	1	1	2	0	4	0	2	0	2	1	2	0	0	1	1	1	4	6	7	7	7
337	344	327	348	342	366	296	243	166	180	175	204	249	303	314	198	73	19	10	4	3	16	14	6	4	1	6	9	15	9	2	11	25	10	7	4	11	16	6	2	2	3	0	2	1	1	2	1	0	1	2	0	0	0	3	2	1	0	3	5	7	17	11	1	1	11	2	3	5	5	17	6	5	5	7	2	6	1	9	4	2	2	3	1	4	3	4	18	12	10	22	22	31	31	29	23	20	23	18	33	40	36	45	47	18	23	19	10	7	3	9	2	1	4	17	20	12	27	36	18	30	32	23	15	8	8	10	7	1	3	1	0	0	0	2	1	2	3	0	3	1	0	2	2	4	5	18	25	42	40
322	392	403	352	371	329	255	233	182	197	197	232	284	302	299	204	77	20	2	1	3	16	17	12	10	5	2	19	34	11	8	7	13	8	28	20	19	14	10	11	2	0	5	2	2	1	0	0	3	1	1	0	0	0	0	2	0	0	2	9	15	14	8	3	5	4	1	4	4	4	5	8	8	13	8	5	4	4	1	1	5	0	2	0	4	7	17	17	17	18	19	30	30	36	27	24	26	26	32	38	55	69	33	28	26	21	29	15	9	14	15	6	4	6	10	23	25	39	34	36	37	37	38	18	17	20	13	9	3	0	0	0	1	0	0	2	1	1	1	0	0	0	1	3	1	2	8	17	21	34
395	355	334	341	341	282	214	242	200	205	261	318	301	345	257	123	37	15	4	0	3	4	8	12	10	13	11	5	24	15	13	10	4	5	16	13	25	35	35	16	8	5	2	2	6	2	1	0	2	2	1	1	2	3	2	1	0	0	3	3	9	10	4	1	3	2	4	7	7	4	10	9	7	12	34	20	8	2	4	3	2	3	1	2	6	16	16	11	9	31	33	30	58	92	80	59	39	22	39	30	65	50	34	22	20	20	22	11	12	7	4	7	11	12	28	45	44	52	39	41	40	34	33	19	23	15	13	6	0	1	1	0	0	4	0	2	3	0	0	1	0	2	1	1	3	2	1	4	8	7
383	369	368	345	396	296	260	259	311	331	338	342	326	314	159	56	21	3	5	3	7	13	23	19	12	8	5	7	7	3	10	2	1	4	10	16	17	31	45	38	23	4	4	3	3	4	1	3	1	2	0	2	0	1	2	2	5	3	6	10	14	10	1	4	2	7	14	18	36	14	1	5	10	10	18	14	4	7	2	6	5	2	2	3	6	5	16	14	31	30	33	35	38	54	69	91	46	33	28	43	43	59	50	24	17	17	12	6	8	15	5	17	20	41	68	143	237	208	95	60	48	40	29	30	13	13	10	2	1	1	2	1	2	3	2	0	1	1	1	0	1	0	0	2	0	1	1	3	3	3
361	364	358	336	364	351	321	352	344	362	360	377	325	276	147	48	20	2	3	2	2	3	8	20	9	8	11	6	3	7	2	2	3	6	8	13	25	26	17	21	23	10	3	3	3	7	1	4	0	0	3	2	0	0	2	3	6	7	10	14	11	6	3	4	1	5	18	37	49	10	4	4	4	9	13	11	9	11	7	6	4	3	1	3	4	8	11	22	32	39	48	35	51	37	50	67	60	48	24	28	41	33	30	24	16	14	8	8	3	4	15	28	41	72	149	227	285	259	226	110	49	43	38	23	17	6	8	3	0	0	2	0	0	2	2	1	2	0	0	0	0	1	1	4	1	1	3	1	0	1
384	353	355	384	333	348	363	375	333	346	346	318	316	243	115	39	8	6	2	0	1	3	4	9	6	3	4	7	4	3	5	2	4	3	5	3	12	9	12	11	4	8	8	3	1	8	3	1	1	3	2	1	2	1	4	1	9	18	12	10	15	8	5	6	2	6	12	9	13	7	5	3	3	7	11	8	7	13	4	5	1	1	3	1	6	11	17	24	33	47	54	39	49	36	26	24	33	23	23	17	29	20	23	14	7	9	1	2	3	7	21	45	75	137	219	296	343	325	278	181	45	38	42	32	20	7	3	5	0	1	3	0	2	5	3	0	0	1	0	0	0	4	0	0	0	1	3	1	2	0
