4	4	2	6	4	2	3	9	14	8	11	22	17	14	17	16	12	7	11	16	45	40	47	42	26	19	16	12	10	18	27	49	36	14	13	13	8	11	26	35	21	10	10	12	15	12	11	11	6	22	14	9	3	10	15	17	11	21	25	12	30	52	85	92	92	114	101	106	89	110	99	94	80	73	79	74	82	79	91	103	88	86	93	96	94	89	91	99	102	105	95	96	92	91	71	79	46	38	25	19	14	5	5	4	2	2	2	3	1	0	1	0	1	0	2	2	0	2	1	0	2	0	1	2	1	1	0	2	4	1	1	3	1	1	0	0	1	1	0	1	2	1	1	0	1	1	1	0	3	4
2	1	1	4	1	2	3	1	6	6	15	15	15	9	8	3	3	7	3	10	18	38	44	27	12	7	6	9	5	6	6	13	14	3	2	3	3	5	5	6	6	9	6	4	0	4	7	7	11	16	9	4	2	7	19	12	12	12	28	25	16	23	33	57	78	79	90	84	90	110	96	92	82	85	77	73	60	74	82	85	87	85	102	89	81	100	102	102	93	105	94	105	100	116	106	95	110	92	77	73	51	49	27	12	16	8	5	4	4	4	0	1	0	0	3	1	1	1	1	0	1	1	2	2	2	1	1	1	2	1	2	1	3	1	2	0	1	0	2	3	2	0	0	0	1	2	1	0	2	0
1	2	1	1	4	3	4	3	6	7	15	11	8	4	8	12	9	7	7	5	30	39	17	5	4	2	1	1	10	14	11	10	1	7	4	5	5	5	3	5	0	0	2	1	3	4	5	12	17	16	8	4	2	4	10	11	5	14	29	42	46	30	41	28	45	65	87	105	93	90	88	91	108	97	58	74	49	49	74	76	88	69	70	100	75	92	86	91	99	116	110	102	106	106	111	116	118	108	110	118	95	88	91	68	44	34	26	22	9	6	6	3	2	8	1	1	2	3	3	1	2	3	3	0	1	1	2	1	0	2	2	2	0	2	0	0	0	1	1	2	0	0	0	3	1	3	2	1	1	0
0	0	1	1	2	3	2	3	1	4	1	12	3	5	9	19	30	29	12	11	17	21	9	7	7	0	6	4	5	8	17	7	2	4	2	4	3	1	5	5	1	3	2	7	4	4	7	6	26	28	12	2	0	4	9	13	12	11	29	34	63	47	38	32	12	20	34	32	68	75	98	95	79	77	84	98	82	71	75	57	59	59	82	81	72	116	98	96	103	100	87	82	78	96	90	107	106	99	98	104	109	112	100	112	91	89	79	71	54	38	26	26	20	15	3	4	2	4	1	3	4	3	1	3	1	2	1	3	2	1	0	1	2	2	2	3	2	3	2	0	0	1	2	1	0	0	3	0	1	3
3	2	0	2	3	1	1	1	0	3	0	1	4	6	18	24	24	8	12	8	11	9	9	2	0	1	1	4	5	6	5	5	2	1	3	8	3	2	4	1	1	3	5	5	14	5	10	19	16	21	9	4	4	18	17	27	12	19	37	60	49	65	30	22	17	10	11	16	25	46	75	92	85	84	75	90	91	102	84	86	80	86	64	73	91	101	94	87	113	107	91	97	96	92	83	74	84	103	91	97	106	103	123	123	116	120	120	107	98	91	100	65	42	23	16	11	8	6	11	1	1	2	1	3	1	1	3	2	4	3	1	0	4	3	2	3	1	0	1	0	1	2	3	2	0	1	0	2	1	0
0	0	1	1	2	3	0	0	1	3	3	0	3	6	10	19	17	6	10	10	9	1	1	0	1	1	2	5	4	6	4	2	3	3	3	5	7	4	6	7	12	19	14	11	11	9	16	19	31	38	15	6	4	7	32	38	29	26	41	45	60	51	45	24	6	3	5	5	9	24	32	51	76	79	83	93	78	84	104	81	79	82	88	95	85	96	74	110	113	117	104	100	105	78	100	86	96	82	100	94	101	103	116	121	108	88	113	95	107	102	95	89	107	100	62	37	26	11	9	9	5	4	1	2	0	1	0	3	1	2	3	1	1	0	0	1	0	0	1	0	3	1	1	4	1	2	2	3	0	2
1	0	1	2	1	1	4	1	1	0	3	3	3	5	6	13	23	10	8	5	8	19	10	2	0	4	3	10	9	8	2	3	11	1	8	8	4	4	8	18	26	24	18	21	12	26	26	34	31	31	19	18	12	12	35	33	36	40	41	45	67	53	54	25	9	6	7	3	9	12	13	14	24	44	78	82	87	86	86	78	103	97	105	90	96	96	105	88	90	108	96	79	108	116	117	117	99	119	95	98	98	87	89	93	101	102	92	91	90	94	87	61	109	83	75	85	68	46	34	17	11	4	4	1	2	1	0	2	1	2	1	1	0	2	1	0	0	2	2	2	2	2	1	1	2	1	1	0	0	2
0	1	1	3	0	2	1	3	0	0	1	1	1	3	11	3	13	20	5	4	5	9	8	7	4	5	7	16	13	4	6	9	3	10	19	15	5	6	6	19	23	21	17	17	25	10	22	20	34	31	56	51	28	26	52	63	76	60	52	39	40	55	53	44	17	11	8	11	7	11	17	21	12	25	37	45	62	89	94	89	84	95	110	98	102	99	99	95	89	115	94	92	102	89	104	92	130	96	89	114	96	88	88	100	95	84	78	100	71	84	88	72	74	64	77	64	75	69	72	42	20	16	10	10	0	2	1	3	0	3	0	0	1	1	1	1	2	2	1	1	0	2	2	1	2	1	2	2	3	1
4	3	1	2	0	2	1	3	2	0	3	2	1	2	5	2	3	5	4	2	2	4	2	1	2	3	4	8	12	13	12	7	18	24	36	28	12	3	8	11	21	20	14	11	25	20	12	17	27	33	31	43	54	51	53	77	85	98	88	57	59	74	61	54	35	39	26	25	22	21	28	23	8	5	15	20	22	45	65	98	92	103	110	108	93	97	99	110	110	107	104	100	110	101	112	97	91	116	111	98	116	101	100	108	96	112	76	74	80	56	60	67	68	77	65	66	67	48	42	47	54	28	24	8	2	1	2	1	3	1	3	0	1	2	3	4	1	3	0	0	2	1	1	0	2	1	1	0	1	0
0	0	2	1	0	1	1	2	1	1	6	2	1	2	2	3	3	3	6	1	6	4	4	1	0	5	4	4	11	9	17	24	19	31	21	27	10	8	6	12	24	18	13	4	11	7	3	8	8	7	13	34	76	70	88	90	83	86	78	48	59	66	52	45	47	54	31	45	41	36	39	18	10	9	10	14	16	28	40	72	83	96	88	105	104	103	114	93	102	115	109	113	116	129	124	96	106	118	118	109	107	137	119	119	103	99	91	108	90	84	79	73	66	64	61	48	47	32	36	31	23	42	24	9	3	2	3	2	1	1	1	0	3	0	2	1	1	2	2	2	1	1	1	2	4	2	4	2	0	0
2	0	1	3	3	2	5	1	3	4	2	0	0	0	4	2	3	1	3	1	7	1	4	3	1	1	2	2	4	6	2	13	13	26	38	35	21	7	10	7	8	10	6	4	5	0	4	2	0	5	11	22	33	70	87	78	89	84	74	44	54	50	70	57	47	29	27	28	52	50	39	19	9	12	10	5	12	20	45	51	82	77	92	106	89	82	103	104	114	105	121	111	105	103	108	97	107	99	111	114	98	110	102	109	112	97	115	86	91	94	106	84	92	79	63	63	42	35	26	14	13	17	11	7	2	2	3	2	3	1	1	2	1	2	3	1	1	1	1	0	1	1	4	12	8	3	1	4	1	2
1	1	2	1	1	4	1	0	1	1	1	2	3	3	2	1	2	2	2	2	4	1	2	3	4	1	2	1	3	2	5	9	15	27	45	45	22	6	5	7	5	3	3	4	3	0	3	4	3	6	9	20	44	86	95	95	69	67	53	50	56	48	63	35	44	34	27	43	40	33	40	34	16	15	25	6	9	11	19	36	32	46	68	80	88	111	113	98	107	92	111	123	127	83	106	110	92	110	108	119	101	99	108	114	82	137	110	117	112	115	88	101	100	94	89	91	103	77	61	47	21	15	14	10	8	7	4	4	5	3	1	1	1	0	1	2	1	2	2	2	1	4	11	21	7	1	3	1	0	3
1	2	3	2	0	2	2	1	3	4	0	1	1	3	3	3	1	3	3	0	2	2	3	4	0	2	3	1	4	2	3	5	6	15	38	52	42	9	4	1	1	4	2	1	1	1	1	4	1	3	2	5	11	41	79	87	93	85	61	66	62	47	40	51	35	37	41	34	11	24	27	44	50	20	8	9	5	11	8	10	14	16	17	34	53	83	82	96	99	105	101	85	115	106	115	104	116	94	94	80	103	107	102	95	120	107	116	143	111	121	124	109	120	110	94	69	93	89	88	85	57	56	33	16	16	9	10	6	5	1	3	0	1	2	1	0	1	2	2	1	1	4	11	37	16	3	1	1	0	2
0	1	1	5	1	4	2	2	0	0	1	4	7	1	0	3	2	4	0	0	0	1	0	1	1	2	2	2	1	3	1	2	4	7	16	38	63	24	6	0	4	0	3	1	2	1	1	1	0	0	2	2	2	10	16	47	90	89	64	57	48	47	47	39	38	39	30	16	9	10	13	23	36	12	7	3	3	4	3	5	6	6	11	9	10	23	39	58	84	98	82	84	88	90	102	102	95	118	105	103	79	81	87	104	119	110	113	107	99	106	112	122	111	120	103	119	103	91	95	92	80	87	72	64	48	21	24	12	13	6	3	1	3	2	2	1	1	3	2	0	2	4	16	38	12	5	0	0	2	3
0	3	0	5	5	4	3	2	4	0	1	1	2	0	1	3	0	1	2	1	0	0	2	1	1	1	3	0	1	1	2	1	4	4	9	29	57	42	21	6	1	1	1	1	0	2	1	4	1	1	0	0	4	3	5	27	57	74	90	93	69	60	38	35	29	21	12	11	14	7	9	10	7	11	4	3	1	0	3	6	3	2	6	20	23	20	16	18	35	43	69	78	105	95	84	91	92	100	105	109	87	121	92	107	113	104	108	100	107	86	101	103	96	123	102	119	122	123	92	105	94	111	95	94	69	67	70	53	57	38	16	10	7	3	1	0	0	1	1	2	3	2	12	27	29	10	2	2	6	8
1	0	1	2	4	1	1	1	1	1	1	3	2	0	0	0	1	1	0	1	3	1	3	4	0	1	0	1	1	1	0	2	4	6	12	17	43	47	22	6	3	0	2	2	3	1	1	1	1	1	0	2	2	3	7	23	62	81	109	97	71	68	59	37	20	17	19	15	7	4	4	4	3	5	3	4	1	1	2	2	2	4	9	24	25	21	6	1	4	7	21	34	59	69	89	93	88	86	71	80	81	100	88	93	100	103	114	110	114	95	114	86	128	118	104	89	111	133	95	99	102	91	101	106	105	107	101	90	85	68	63	47	13	5	7	4	1	0	1	2	1	1	5	22	8	9	2	8	6	6
1	1	0	0	2	1	1	0	0	3	2	0	1	1	3	0	2	1	1	3	1	1	0	2	1	0	0	2	2	0	3	1	0	1	3	11	33	40	54	24	4	2	0	1	1	1	2	3	1	2	1	1	0	4	3	9	32	63	95	107	85	61	46	40	32	24	21	16	4	0	5	3	2	6	5	1	1	1	2	1	2	5	16	26	14	8	3	1	4	6	8	17	19	49	76	79	93	129	79	77	82	102	108	113	97	81	101	108	118	113	94	120	105	99	94	107	118	110	108	98	124	106	86	98	93	87	99	92	100	75	70	62	36	23	7	4	2	2	2	2	2	7	13	22	10	7	11	6	16	8
2	1	1	1	2	4	0	3	1	2	0	1	2	1	2	1	1	1	1	0	1	1	1	0	0	3	1	2	3	2	1	0	2	1	3	8	19	27	52	29	9	3	1	4	1	1	1	0	5	1	2	0	1	1	1	7	18	51	60	96	108	91	71	64	38	23	27	19	7	4	3	3	4	2	2	2	4	0	0	1	3	6	6	14	6	7	8	5	2	3	4	10	13	30	35	55	51	68	76	88	105	84	76	82	122	121	93	130	104	103	94	90	100	91	99	114	88	91	110	94	114	110	110	106	95	90	107	84	103	106	93	73	65	50	42	20	4	1	3	1	1	2	8	30	24	11	11	10	6	13
1	2	1	2	1	2	3	1	2	0	2	1	2	2	1	1	2	0	1	1	1	4	0	0	0	2	1	4	4	1	0	1	1	1	0	3	5	17	28	46	30	7	1	0	1	1	0	3	2	2	5	0	1	1	2	2	6	17	53	71	116	88	71	62	44	21	32	18	11	3	1	4	5	4	5	3	2	2	3	2	0	2	1	8	10	7	6	8	3	4	3	6	15	29	30	35	33	46	55	76	82	80	87	96	73	88	79	77	99	77	103	92	101	110	89	93	98	97	105	113	106	95	114	94	124	99	101	97	108	111	115	94	83	65	33	19	7	9	1	1	0	3	5	23	24	10	21	7	3	6
1	0	3	3	2	1	2	3	0	0	2	1	1	2	1	0	0	1	1	0	2	1	1	0	1	0	0	0	1	0	1	0	1	0	1	4	6	21	41	57	20	6	5	0	0	3	1	2	1	0	3	2	1	0	3	1	7	20	62	70	98	109	94	57	50	33	24	24	13	11	18	10	3	1	2	10	7	4	1	3	5	2	4	9	20	12	6	4	2	1	5	7	19	28	37	41	41	34	32	57	74	78	112	106	96	87	92	85	106	79	87	89	100	98	104	105	115	99	96	100	99	102	110	128	108	100	142	126	101	92	100	107	95	92	88	40	30	11	4	2	0	5	4	20	19	17	11	9	4	8
1	1	0	0	2	3	1	0	1	1	1	2	2	5	1	1	3	2	1	1	1	0	1	1	2	2	0	1	1	3	2	2	0	1	1	2	3	6	15	33	30	32	9	3	3	0	2	2	3	3	1	1	4	0	1	3	3	6	20	70	87	101	103	102	61	54	42	24	18	13	15	14	17	11	4	8	10	11	7	2	1	1	5	2	19	13	9	7	4	6	6	14	35	39	41	32	46	28	22	28	34	60	110	84	82	91	81	101	107	105	93	92	101	85	105	99	134	101	98	115	86	92	105	128	105	115	88	115	128	112	102	98	94	118	94	72	59	38	17	11	4	6	4	16	22	16	10	4	4	2
1	2	0	2	1	1	3	4	0	1	2	1	2	2	1	1	2	1	2	0	2	3	0	3	1	0	0	1	2	2	1	2	1	3	2	1	6	8	21	25	28	34	5	2	3	1	1	1	1	1	1	1	1	1	1	3	6	8	18	64	78	91	98	82	74	67	42	34	19	9	17	9	13	11	7	14	2	3	8	6	2	3	3	5	7	12	22	17	7	19	18	20	27	22	24	31	35	29	39	21	27	41	58	70	73	84	95	99	114	105	90	101	87	80	86	102	87	100	106	117	88	99	95	103	109	108	113	108	122	121	110	113	104	78	94	94	114	88	46	23	13	5	6	8	27	13	10	7	1	1
1	0	3	2	1	2	0	1	1	0	0	1	3	2	3	3	3	1	7	1	3	2	0	1	0	2	3	2	2	0	2	0	4	0	1	2	1	3	4	15	23	22	28	14	3	3	3	1	2	0	1	2	0	0	1	1	3	2	11	18	44	87	100	86	109	78	64	37	9	5	9	8	14	12	10	7	5	6	13	4	6	3	1	2	3	4	13	25	33	21	13	32	21	13	8	26	30	45	34	24	26	50	65	72	82	87	95	88	98	112	96	95	109	103	111	89	77	97	74	105	118	101	114	113	104	92	85	82	109	111	112	105	113	105	93	99	107	98	124	82	41	16	13	11	28	13	2	3	1	2
2	1	0	3	2	0	1	3	1	1	0	2	0	2	2	0	1	2	3	1	2	2	2	1	0	2	2	0	0	2	2	1	0	1	3	3	0	3	3	7	9	19	18	14	8	1	1	4	3	0	1	1	2	5	3	2	2	1	3	8	20	61	85	104	107	85	60	26	10	10	2	2	4	8	9	7	4	1	6	4	8	3	2	2	2	4	5	20	33	42	20	18	32	25	16	13	36	28	40	37	38	61	57	57	50	53	56	62	88	103	99	110	98	89	106	101	95	99	89	91	87	90	102	114	106	90	102	97	89	110	100	94	100	107	111	114	90	97	118	91	71	45	31	26	23	10	5	1	3	2
1	1	1	3	2	1	0	1	2	0	1	0	3	0	1	3	2	0	2	2	0	1	2	3	1	1	1	0	2	1	1	0	3	0	1	1	2	2	7	5	4	9	9	10	5	3	2	4	1	4	1	3	1	1	1	3	0	1	4	3	10	48	85	82	111	109	73	34	7	3	2	1	10	6	4	2	2	3	4	3	5	2	1	4	1	3	6	9	33	40	39	25	25	17	11	15	21	13	21	31	33	58	55	44	26	28	51	76	74	75	89	81	92	81	78	82	90	103	98	97	79	77	86	102	100	94	109	78	101	87	87	99	105	104	110	123	110	114	114	96	99	74	63	34	28	7	7	7	1	8
2	0	0	1	3	3	1	1	0	1	1	1	1	3	3	2	3	0	2	1	1	2	0	0	2	1	2	2	2	1	0	0	0	3	1	1	0	0	5	4	1	1	12	7	5	3	4	1	1	1	4	3	2	0	0	1	0	1	5	8	8	55	73	78	112	88	79	34	22	10	3	12	12	10	5	4	4	4	1	3	3	6	1	2	0	1	2	14	25	30	30	22	18	9	5	3	10	15	8	8	21	39	33	25	31	37	47	73	71	66	86	66	80	65	88	93	102	104	93	95	114	94	106	80	81	79	97	97	95	84	80	84	95	96	90	116	104	92	118	106	128	90	85	53	33	10	6	2	1	8
1	1	0	0	0	0	2	3	1	0	1	2	0	1	0	1	2	0	1	1	1	2	1	4	1	2	0	0	2	0	2	3	1	2	1	0	3	0	2	2	7	3	8	7	5	1	1	1	2	0	0	0	0	2	1	2	2	2	3	5	15	30	65	94	89	101	95	76	28	16	13	7	12	12	4	10	10	8	8	5	12	4	3	1	3	4	1	7	12	44	32	17	25	21	13	18	17	5	7	10	28	31	15	23	39	39	72	68	78	79	69	78	66	70	77	70	88	84	85	107	97	91	89	83	93	84	88	85	94	91	93	109	105	84	87	107	95	88	125	104	80	104	102	90	81	38	19	8	3	10
0	1	0	4	1	1	0	0	1	1	1	1	3	1	1	1	2	1	1	2	2	2	2	0	1	0	0	1	1	1	3	1	2	1	1	0	1	1	4	5	1	6	6	8	2	0	1	0	1	2	2	1	1	2	1	1	3	1	2	0	2	9	34	74	89	121	113	101	50	30	6	6	7	7	10	25	13	15	19	10	13	5	7	5	5	4	2	2	6	16	27	24	43	31	25	26	16	3	9	12	22	27	33	21	23	48	40	41	37	42	54	56	64	54	59	67	64	57	66	72	50	78	70	92	88	111	89	92	78	106	98	90	99	76	98	75	98	108	83	93	107	109	117	120	101	71	56	26	10	16
1	3	1	0	1	4	1	0	0	1	2	1	3	0	0	1	1	0	1	1	0	1	1	0	2	2	2	2	0	1	1	1	2	3	0	2	4	0	0	0	4	1	4	7	8	4	0	1	2	3	1	1	4	2	0	4	1	2	3	1	2	2	10	45	55	72	104	95	79	44	16	6	8	9	19	26	35	41	37	35	21	12	14	7	5	5	9	2	4	11	21	58	49	45	23	19	9	14	21	15	11	22	31	40	38	43	33	21	24	23	25	32	48	28	42	46	61	52	42	31	14	34	51	71	84	85	89	116	97	85	75	74	78	94	100	82	66	88	95	91	101	98	100	107	120	112	87	69	36	26
0	1	1	1	0	2	0	1	1	1	1	2	3	0	0	2	0	0	3	3	2	2	3	2	0	2	1	2	1	2	1	1	1	1	0	1	2	1	1	0	0	3	2	3	0	4	2	5	3	0	0	0	1	0	2	0	2	1	0	0	5	2	9	15	38	99	88	102	102	64	33	14	6	14	32	41	52	38	54	29	25	13	9	9	11	6	2	3	1	10	13	33	55	39	20	12	15	28	25	4	5	18	45	58	49	45	41	15	15	16	15	24	34	24	26	31	48	45	43	14	26	31	38	29	34	64	78	92	103	83	98	92	86	81	71	89	98	70	75	106	94	106	90	106	108	111	106	113	82	46
0	3	1	3	2	0	0	1	1	2	1	1	2	0	0	2	0	1	1	0	0	3	0	1	3	1	0	3	3	1	2	0	1	2	1	2	0	1	1	1	2	4	1	3	6	1	2	1	4	2	0	2	0	1	0	0	1	0	1	3	2	1	2	9	17	53	81	79	96	101	73	36	23	11	14	36	46	35	19	22	7	6	6	5	4	8	6	1	3	3	9	16	25	42	29	29	28	40	27	9	7	23	39	61	61	67	46	32	13	7	15	23	28	23	16	33	34	36	33	31	36	42	31	19	9	31	46	64	92	93	90	88	76	86	83	84	81	93	85	79	75	102	98	111	120	115	116	99	100	109
0	2	3	0	0	1	1	2	0	0	0	1	1	1	1	2	2	3	3	2	1	0	2	1	2	1	1	2	0	3	0	0	1	1	1	1	1	3	0	1	3	1	0	2	2	1	1	1	2	2	3	1	1	3	2	0	2	2	1	1	1	1	1	4	5	27	47	77	87	111	96	81	30	16	14	14	21	20	10	4	5	1	5	5	10	15	11	6	3	1	1	4	13	25	41	32	21	47	38	15	5	14	24	54	61	80	64	51	38	32	35	61	59	42	28	43	33	27	30	39	34	37	11	10	15	26	43	23	30	74	95	96	99	105	83	82	94	81	96	84	74	116	103	123	105	116	127	85	110	99
1	1	1	4	1	1	1	3	0	3	0	0	2	0	0	3	0	2	1	1	1	2	1	2	1	2	0	1	3	3	2	3	3	2	2	2	1	2	2	1	2	1	1	3	1	1	2	2	4	0	0	0	3	1	4	4	0	0	1	3	1	0	3	5	7	13	59	84	88	98	111	78	51	13	9	13	20	10	1	3	6	6	8	9	16	10	8	3	4	2	2	2	11	29	34	22	25	27	38	26	10	24	43	44	60	59	62	61	60	52	61	67	64	58	33	25	26	22	36	41	27	33	17	13	6	26	29	18	20	25	54	95	100	84	104	92	80	88	80	85	76	86	100	96	115	105	114	116	123	108
1	2	0	2	0	2	0	2	0	0	1	2	3	3	2	3	1	3	2	0	2	0	1	1	0	0	1	1	3	4	1	1	1	0	1	1	0	1	1	4	1	2	1	1	0	0	2	2	2	1	0	1	2	0	2	3	3	1	1	2	0	3	1	3	4	7	27	59	91	79	99	107	82	40	15	5	12	3	2	5	8	6	3	5	6	6	5	6	2	3	1	5	11	18	12	20	22	18	22	26	18	25	37	69	59	52	77	61	51	60	62	54	50	30	15	24	25	45	46	48	37	24	12	9	17	23	13	5	9	16	32	60	73	86	112	83	99	65	82	89	93	87	97	68	111	119	104	105	115	121
0	3	0	0	1	0	2	2	1	2	1	0	0	2	1	0	3	1	2	3	5	0	1	0	1	0	1	0	3	2	4	3	2	2	2	2	2	2	0	0	2	0	1	0	1	2	5	3	0	1	2	3	1	1	1	2	1	0	0	0	1	1	2	1	1	2	5	25	44	67	90	115	94	100	70	22	9	13	7	2	2	2	6	3	7	9	7	3	4	4	5	2	5	4	18	16	21	10	11	15	15	15	14	39	51	55	54	61	40	52	49	59	37	22	6	12	12	18	39	23	36	24	22	22	21	16	8	18	21	48	36	43	68	71	82	90	79	92	74	83	88	69	75	83	74	106	95	129	124	95
2	2	2	0	0	2	2	2	2	2	0	1	1	2	2	2	1	0	3	2	0	0	2	2	1	2	1	0	1	1	1	1	2	2	1	3	4	1	1	1	0	0	0	2	0	2	0	0	2	1	1	0	1	1	0	1	3	1	2	1	2	0	2	2	1	3	3	7	29	44	100	85	99	103	85	67	39	14	15	7	6	6	5	2	9	21	2	7	4	0	4	7	3	4	7	12	3	9	4	14	9	7	7	14	27	28	36	32	29	16	24	11	14	10	7	6	5	9	15	29	24	15	15	19	17	10	9	19	34	38	39	51	49	42	55	71	79	87	123	84	91	91	95	83	100	74	91	85	125	96
4	1	1	0	4	1	0	2	3	1	2	1	4	1	2	3	0	1	2	1	6	1	2	1	1	2	0	0	2	1	0	3	6	1	1	3	1	1	0	1	1	1	1	4	0	2	2	1	1	1	1	1	0	1	1	2	1	3	2	0	0	2	0	1	0	3	0	7	20	35	62	98	108	99	98	77	50	30	28	8	3	8	6	7	2	4	4	4	6	2	5	2	6	2	11	3	2	10	8	17	10	5	4	9	8	11	21	17	15	9	11	3	11	8	2	5	7	16	28	27	14	5	12	6	9	3	5	15	25	37	41	52	19	21	32	39	82	93	102	91	102	78	84	100	103	95	86	82	89	97
0	1	2	0	1	0	1	0	0	2	1	2	1	0	0	1	0	2	0	1	0	0	2	2	1	2	0	4	1	0	1	1	2	3	1	2	1	0	1	2	1	1	0	2	2	1	2	2	1	0	1	2	1	1	0	3	3	3	2	2	1	1	0	1	1	2	1	3	4	9	22	51	80	104	124	110	80	53	51	20	12	10	12	4	3	3	2	3	1	4	1	5	3	6	5	1	4	5	6	18	16	26	5	6	6	7	7	7	11	9	8	2	18	8	4	3	4	13	31	41	14	4	7	10	4	1	5	13	25	26	29	30	9	6	13	20	38	60	90	108	105	87	106	100	97	107	83	71	77	79
1	3	0	2	2	1	2	2	2	2	2	1	1	0	1	2	1	1	2	1	1	2	0	1	1	1	0	0	2	4	0	0	4	4	1	3	0	1	1	1	1	2	1	0	1	1	0	2	3	2	1	0	0	1	0	2	1	2	1	1	1	3	1	2	2	0	0	2	2	10	17	37	77	84	92	133	94	95	60	24	12	8	15	14	2	2	2	3	4	3	6	4	2	7	3	5	1	7	14	27	13	19	14	8	9	12	6	10	8	11	15	19	25	13	5	2	5	18	37	33	26	16	11	12	14	11	7	8	17	36	43	30	26	8	4	9	11	31	75	81	91	107	95	99	100	87	117	97	83	86
0	1	0	1	3	1	0	1	5	0	1	0	0	0	2	2	0	2	1	1	2	2	2	2	1	1	0	1	0	4	0	1	1	0	3	1	3	2	2	0	0	2	1	0	3	3	1	3	0	1	2	2	2	2	3	3	1	2	2	0	0	1	0	1	0	0	1	3	2	2	10	19	38	81	88	128	101	84	79	33	14	11	8	3	4	3	4	6	4	3	6	5	6	5	6	1	2	2	12	24	10	8	14	21	29	30	23	6	9	8	12	29	30	16	17	13	8	18	32	24	13	19	22	41	37	27	13	11	5	19	39	20	7	6	5	10	5	21	35	64	81	98	96	95	105	89	96	85	94	104
3	1	2	2	0	0	1	0	1	2	1	0	2	1	1	4	0	0	1	1	2	3	1	2	0	0	0	1	4	0	1	0	2	1	1	1	1	0	3	1	0	2	3	1	3	0	2	0	1	0	1	3	1	0	1	1	2	1	1	3	0	2	1	1	2	1	1	0	2	1	3	11	16	50	83	92	118	115	99	73	39	20	1	6	5	4	7	10	17	10	8	1	4	7	2	2	3	3	8	7	7	9	36	50	40	47	52	19	17	16	13	28	41	21	10	16	32	24	22	14	13	22	43	54	46	37	18	14	12	19	34	12	9	9	7	11	10	25	27	40	35	81	94	96	97	123	91	106	89	111
3	1	1	0	0	3	0	1	0	1	1	1	1	1	1	1	0	0	1	2	0	2	0	2	2	1	2	0	1	1	1	2	1	2	3	2	2	0	2	1	3	1	1	2	1	0	1	1	0	2	2	1	2	0	0	2	4	1	0	1	1	1	2	2	1	2	1	0	4	1	0	4	8	10	40	76	89	113	96	102	72	40	13	6	3	5	4	8	11	22	6	2	6	6	5	17	7	6	7	9	10	9	38	33	68	61	49	36	22	22	28	34	60	32	27	39	35	22	18	14	17	29	39	49	25	17	16	17	15	15	22	14	6	6	5	26	25	24	23	15	18	24	56	63	105	85	94	115	93	103
1	1	3	2	0	1	1	2	2	1	2	0	0	2	1	0	1	4	2	0	1	1	2	2	0	0	2	0	1	0	1	4	0	3	0	1	2	2	0	4	1	4	0	3	2	1	3	7	1	2	1	0	5	1	4	3	2	0	1	2	5	3	2	0	2	1	2	1	2	2	0	1	1	4	13	44	69	104	109	101	97	57	16	17	15	10	1	5	10	14	14	8	5	9	29	20	27	13	7	2	18	19	39	35	41	27	28	36	46	51	61	66	52	48	33	24	24	17	8	7	20	36	35	26	14	18	20	20	11	6	17	13	7	7	13	13	34	41	36	19	8	10	26	43	50	94	89	101	87	104
4	0	4	1	0	0	1	2	2	2	2	1	2	1	0	1	1	4	1	2	0	3	1	0	0	1	2	3	2	2	4	1	1	4	0	2	1	1	2	0	0	1	2	0	0	2	1	2	4	2	0	0	0	2	0	3	4	3	2	2	1	3	1	1	0	1	6	1	1	0	1	0	2	5	4	13	34	65	90	99	92	81	47	29	32	21	8	7	3	11	7	14	19	13	18	17	20	22	6	7	7	9	18	15	11	9	17	23	48	70	64	73	63	39	18	14	10	15	11	7	10	11	6	8	12	8	7	14	11	9	7	7	13	10	10	13	32	44	46	15	9	8	4	12	43	56	67	103	106	110
4	2	4	1	2	1	2	0	5	1	0	1	1	0	2	0	1	1	0	0	1	0	0	1	2	0	3	2	1	3	0	2	1	2	1	2	0	2	2	2	0	0	0	1	3	1	1	0	1	2	1	2	2	1	2	2	2	2	2	0	0	2	2	2	1	3	2	3	3	1	1	0	1	1	1	6	9	32	71	89	82	97	81	60	42	33	17	8	8	8	6	4	13	10	6	7	7	28	31	11	14	8	12	12	7	11	7	26	60	59	51	63	66	37	10	14	14	16	10	9	4	4	8	4	3	12	20	34	28	16	10	9	16	17	8	14	32	55	31	22	14	9	6	13	19	27	58	83	85	92
2	0	2	2	2	0	1	1	0	2	2	0	1	1	3	0	3	1	0	1	2	1	1	1	3	1	1	0	2	1	4	3	1	2	0	0	0	1	1	1	2	3	3	2	0	1	0	2	2	0	4	1	0	2	2	0	3	4	3	0	1	5	1	3	1	3	2	4	0	1	0	1	1	2	2	1	2	16	28	88	92	92	86	112	66	53	21	20	7	4	3	2	5	4	1	5	1	10	16	27	10	7	10	5	8	2	13	21	33	54	55	75	62	55	28	18	20	20	15	9	7	4	7	4	0	8	17	34	35	34	31	14	36	25	23	19	13	25	38	44	26	17	18	15	14	12	14	44	72	76
2	1	2	1	1	0	0	1	1	1	3	1	2	4	1	4	0	0	1	1	2	2	0	0	3	1	2	0	3	3	0	3	5	2	4	1	2	1	0	1	0	2	2	1	1	2	1	1	2	3	2	2	0	1	1	0	5	1	3	2	2	1	0	2	3	5	1	0	1	1	2	2	2	0	1	0	1	7	9	40	71	89	83	124	115	75	52	41	13	5	4	2	5	2	6	1	4	8	25	32	28	9	5	5	9	15	25	34	46	40	51	49	52	29	22	12	25	19	39	21	9	7	7	8	5	9	18	48	59	42	32	19	13	19	30	18	10	13	30	45	52	41	38	27	17	9	14	26	40	24
1	1	0	1	1	1	1	1	0	2	1	1	0	3	1	3	1	2	1	1	0	0	0	0	1	0	0	1	2	0	2	3	3	2	0	3	2	1	2	2	0	3	2	1	3	0	1	2	3	1	0	1	1	0	1	0	1	0	2	1	0	2	4	4	1	0	2	2	0	1	2	0	2	0	0	3	2	3	5	18	32	73	89	86	106	111	72	46	14	9	7	4	3	8	3	0	4	5	9	17	14	6	7	5	14	24	28	21	28	23	39	35	17	13	6	10	25	28	31	22	34	17	9	3	7	8	21	51	33	22	21	8	15	11	16	14	8	19	32	46	52	61	45	32	19	4	10	11	11	29
2	0	2	2	1	1	1	0	2	3	1	1	3	1	0	0	0	4	3	0	2	3	0	0	0	2	0	1	1	3	1	1	1	1	0	1	1	0	1	1	2	2	1	2	2	1	0	3	0	0	2	2	1	1	2	2	5	2	5	2	2	1	4	1	1	1	5	0	1	1	1	1	0	0	1	0	2	3	5	11	19	62	77	125	108	112	94	68	46	30	27	28	17	7	4	2	2	6	6	6	15	12	7	3	13	20	22	23	13	15	11	10	12	10	10	11	19	28	41	32	39	32	18	5	10	10	17	24	39	28	12	8	4	9	14	25	25	30	33	35	55	53	55	59	42	31	22	16	8	9
2	1	3	2	0	2	3	2	0	1	0	1	1	3	1	2	2	2	1	0	0	1	3	0	0	2	1	2	0	1	0	3	1	1	0	1	0	2	0	2	4	0	3	2	1	1	1	1	0	0	2	2	1	1	8	0	1	1	3	1	1	4	4	1	3	0	1	1	1	0	3	3	1	1	1	5	1	0	2	4	8	16	45	76	103	100	102	102	79	63	53	43	43	19	5	3	1	2	4	4	4	10	10	7	6	12	9	15	7	3	6	12	11	8	9	16	29	35	27	28	41	27	28	27	28	14	12	28	40	30	12	7	5	8	10	15	17	23	23	48	59	66	52	52	49	46	22	17	6	6
2	0	1	1	2	2	1	1	1	1	2	2	1	0	0	1	0	2	0	2	3	2	2	2	1	2	0	1	1	5	2	0	3	0	1	2	3	3	0	1	3	0	1	4	0	3	0	0	0	1	1	1	3	2	2	0	1	0	1	2	1	3	3	0	3	0	3	1	1	3	1	4	1	0	1	4	0	1	3	3	5	6	22	48	89	80	95	106	106	104	91	70	58	21	10	4	2	3	1	2	4	1	9	12	10	6	8	7	4	3	3	2	4	25	20	20	21	9	15	14	21	44	40	29	39	38	18	22	39	57	22	16	4	13	11	10	17	24	26	27	46	63	65	54	44	41	22	12	5	2
1	1	1	2	1	3	1	2	1	2	0	3	1	1	1	3	0	1	0	2	2	1	0	2	0	0	1	4	3	0	1	1	1	1	3	2	0	1	1	1	0	1	1	4	2	2	2	1	1	1	4	4	1	0	0	0	4	0	2	0	0	2	3	1	2	0	2	0	1	1	1	1	2	1	0	2	1	0	2	0	2	8	16	33	77	106	102	106	95	92	87	56	23	14	6	6	3	1	2	0	3	8	11	20	16	8	4	5	6	4	3	7	23	30	25	24	9	8	10	13	38	46	42	54	42	52	36	59	62	53	28	16	19	11	18	5	10	19	33	48	61	58	54	57	52	49	21	15	10	19
2	2	3	0	1	0	0	2	3	1	1	2	1	1	0	1	0	3	1	1	0	0	1	2	0	1	0	1	4	0	5	0	2	0	1	1	1	0	0	1	1	0	1	1	5	2	0	1	3	2	1	4	2	1	1	0	1	2	1	0	1	3	0	1	0	2	2	3	1	2	0	2	1	2	2	2	2	1	1	0	1	1	1	14	34	55	81	108	120	119	100	80	55	18	15	9	6	4	3	3	2	4	5	8	18	23	10	6	8	11	15	14	24	47	29	31	17	3	6	6	17	20	44	53	41	59	57	75	55	63	62	42	36	41	43	24	21	13	28	27	37	62	67	49	38	41	47	42	29	26
0	4	0	0	4	2	2	4	2	0	1	1	0	2	1	1	0	2	1	1	2	0	1	2	0	1	1	1	1	3	1	2	1	0	3	2	2	2	1	2	2	2	0	2	0	1	3	0	2	1	0	0	2	2	1	3	3	2	2	0	3	1	1	4	0	0	2	0	1	1	1	0	2	1	3	3	2	1	2	1	1	0	1	2	3	10	34	69	105	110	112	96	82	56	40	24	30	6	5	2	2	2	4	4	17	32	25	9	6	11	19	30	39	43	53	24	11	11	5	5	7	16	16	29	37	43	52	64	55	82	50	58	54	43	54	41	29	18	14	8	19	29	24	24	26	36	39	45	41	41
1	0	0	1	1	2	0	2	1	0	0	3	0	1	0	1	1	1	2	1	0	0	0	1	0	0	0	0	1	2	0	1	2	0	2	1	1	3	0	1	2	3	2	2	0	1	0	0	0	1	2	0	0	1	0	0	0	1	2	0	2	4	0	3	5	0	4	0	2	1	1	3	2	0	1	1	4	2	0	4	1	0	2	0	3	3	23	26	81	92	97	116	81	90	73	51	42	17	1	11	0	4	4	6	12	20	32	22	12	3	17	21	37	44	39	19	5	11	13	5	10	9	18	11	21	28	42	61	61	57	50	53	56	35	39	47	43	32	14	2	6	5	12	14	11	17	32	54	49	59
3	1	1	2	0	1	1	1	0	3	2	2	1	3	2	1	4	1	2	3	0	0	1	0	2	2	0	2	1	0	0	2	2	1	1	4	1	2	4	2	0	2	1	0	4	1	0	0	1	3	0	2	1	1	3	1	3	0	1	0	1	3	1	1	2	0	0	1	2	2	2	1	0	3	0	1	2	0	1	0	0	1	1	0	1	1	4	22	42	89	84	95	97	97	93	71	46	27	11	7	5	4	5	9	6	22	26	34	8	4	15	19	37	28	13	11	7	4	8	6	20	28	26	8	5	9	26	33	33	27	23	38	65	46	54	65	56	39	17	4	4	3	2	6	13	24	43	47	39	33
1	3	2	2	1	0	1	1	0	0	0	0	0	1	0	0	4	1	2	3	0	1	3	2	2	0	3	3	3	1	2	4	0	1	1	1	0	2	0	3	3	1	2	1	2	1	2	0	0	2	1	2	1	1	0	0	0	0	0	0	1	1	1	2	2	1	1	2	0	0	1	1	3	3	1	2	1	0	2	0	1	3	2	1	3	2	4	10	29	62	99	81	91	109	115	104	62	37	25	4	4	9	5	7	4	9	21	14	9	5	12	14	20	17	15	10	7	8	20	35	41	34	23	11	8	23	27	19	17	12	14	31	58	73	72	58	55	32	19	7	2	5	4	11	20	30	40	36	37	32
0	1	1	1	3	0	0	3	0	4	0	1	1	3	0	1	1	1	3	0	4	1	0	2	0	1	1	0	2	0	2	2	1	3	2	0	1	1	1	1	0	0	3	0	0	1	2	0	0	0	2	0	3	2	2	1	0	0	0	2	1	2	1	2	3	3	1	0	1	1	1	1	2	3	2	1	2	2	3	0	3	1	1	1	1	1	5	3	13	23	55	93	94	95	99	116	67	60	23	14	15	5	9	12	23	25	24	21	11	11	8	9	14	21	26	20	16	11	6	46	62	56	44	23	9	11	8	9	12	5	11	11	33	50	55	64	52	38	30	12	11	4	3	6	7	18	25	25	26	18
2	2	1	5	1	2	2	4	0	4	1	1	0	1	0	1	3	1	1	0	2	1	2	2	1	1	2	1	2	1	6	3	0	2	1	2	2	1	2	1	0	1	1	0	0	2	1	1	2	2	1	1	1	1	2	4	0	1	0	2	1	1	5	1	1	0	2	0	1	1	0	1	0	0	2	2	0	1	3	4	1	3	1	3	3	1	0	2	10	19	34	84	95	76	104	100	83	62	46	18	11	8	9	21	39	12	16	13	11	22	23	11	11	25	13	22	20	9	39	43	52	62	59	39	19	15	11	6	6	8	7	17	34	46	50	72	58	50	42	31	9	5	7	6	11	14	22	23	15	13
2	0	5	1	2	1	3	1	2	4	2	1	2	1	0	2	2	1	1	1	2	1	2	0	4	2	0	2	1	4	0	0	0	0	0	1	0	0	0	0	1	2	1	2	1	1	1	0	2	0	0	2	1	3	1	1	2	1	0	2	0	0	1	1	1	1	3	1	2	2	1	0	1	0	2	1	1	0	1	2	0	2	2	2	2	2	1	1	6	12	33	62	94	88	96	93	116	87	61	38	29	10	14	15	25	16	11	15	20	32	10	13	11	13	9	10	20	28	46	53	61	44	27	21	7	9	6	4	4	6	15	16	30	41	52	45	50	53	42	35	16	9	1	2	5	8	14	19	12	6
1	2	2	2	1	2	0	1	0	1	1	3	0	0	0	1	0	4	0	3	1	2	2	0	0	1	3	4	2	2	1	2	1	1	3	0	2	2	0	2	0	2	3	1	2	3	1	1	1	1	1	2	0	2	1	3	1	0	0	0	0	0	1	1	1	2	1	3	1	0	1	4	0	1	1	1	0	0	0	0	0	1	2	1	1	2	0	2	2	4	13	28	57	83	76	94	101	96	88	71	47	21	12	7	17	19	14	16	16	24	25	12	11	3	25	9	14	33	35	39	65	58	47	15	23	6	3	9	3	8	10	11	28	32	32	40	43	56	42	42	54	22	14	3	7	9	16	24	18	18
1	2	1	1	0	1	1	1	0	1	2	3	1	1	1	1	2	1	1	0	0	3	1	1	2	2	3	2	3	1	1	1	1	0	0	1	0	0	2	1	1	2	3	4	1	0	2	3	0	1	1	3	5	4	3	1	3	1	0	2	1	5	0	0	2	1	2	3	0	3	4	1	1	0	1	1	2	4	3	0	1	1	0	2	0	1	0	3	1	1	3	16	27	48	76	87	105	119	119	76	74	30	24	30	17	16	15	18	27	20	22	20	9	10	6	8	13	17	28	37	40	38	26	20	16	16	8	5	3	14	4	4	14	18	22	43	26	24	36	46	47	48	17	10	5	10	20	30	15	8
2	1	1	2	1	0	2	1	4	1	1	3	3	0	1	1	0	1	3	2	0	0	0	2	1	0	0	1	1	3	2	1	1	1	2	2	0	1	3	0	0	0	2	5	1	2	1	0	2	3	1	2	1	1	2	1	2	2	2	1	2	1	0	4	1	2	2	1	2	1	1	1	3	1	1	0	0	1	1	1	1	2	0	1	1	1	1	2	2	2	1	2	7	28	51	84	100	104	109	90	102	72	49	33	11	16	8	7	14	27	24	14	8	15	8	10	10	7	10	14	9	11	39	54	35	14	8	8	7	12	10	7	7	10	6	18	8	9	18	19	42	38	32	15	8	13	21	18	22	6
1	2	1	1	2	3	0	3	1	1	0	2	0	3	1	1	2	0	4	2	2	3	1	1	0	0	0	0	2	0	1	1	0	1	0	1	1	1	2	0	4	5	1	0	0	1	2	2	1	1	0	0	3	2	1	0	2	5	1	2	1	1	0	0	1	2	3	1	0	1	2	1	2	1	0	3	0	2	2	3	0	0	2	0	0	4	1	0	2	1	0	1	4	6	10	27	47	85	104	119	116	117	114	106	53	30	19	7	20	27	10	8	9	6	12	20	18	13	5	3	4	5	39	39	36	22	16	7	5	19	27	16	9	19	11	14	12	4	10	8	7	26	20	11	8	9	6	6	11	12
2	1	0	1	0	4	2	1	0	0	3	2	2	1	3	1	1	0	1	1	4	1	2	3	0	0	1	2	2	0	3	0	3	3	3	0	0	1	2	2	2	1	1	0	4	0	0	1	0	2	2	3	0	2	2	0	0	1	4	3	3	2	7	1	1	2	1	0	2	2	1	2	0	1	1	1	4	2	0	1	2	1	1	0	2	0	2	3	3	2	0	1	0	2	4	11	16	27	48	82	102	79	94	101	94	105	52	38	31	26	11	6	4	3	8	19	16	14	6	4	4	5	17	40	32	9	5	8	5	9	31	32	35	33	22	22	12	4	7	3	8	5	6	3	11	10	7	4	8	12
1	1	1	2	2	0	1	1	1	2	1	1	0	0	1	0	1	3	0	0	3	0	1	0	2	1	2	2	0	2	2	0	1	1	0	1	1	1	2	2	0	4	1	1	1	2	0	3	0	0	2	1	2	1	3	3	2	2	2	0	1	3	0	0	0	1	1	3	2	0	1	3	3	1	2	2	5	0	2	2	3	1	2	3	1	1	3	1	1	1	0	2	0	3	4	2	3	11	36	72	91	117	121	111	119	109	99	66	31	22	18	8	4	9	14	24	19	13	7	4	10	4	32	40	23	5	7	5	6	9	20	19	18	16	20	23	17	20	20	8	8	1	7	7	6	12	9	11	15	20
1	0	2	0	0	1	0	3	0	1	4	0	3	1	0	0	2	3	2	0	2	2	0	2	4	2	3	6	4	3	0	3	1	0	1	0	1	3	1	2	0	1	1	2	1	1	0	0	3	0	4	0	1	1	3	2	3	1	0	0	1	2	1	0	2	2	0	1	2	0	2	1	1	0	1	2	0	0	1	0	3	2	1	0	1	2	1	0	4	0	3	1	2	0	2	2	3	8	16	15	46	74	83	99	90	108	76	111	74	56	20	11	10	8	15	22	13	9	5	1	8	17	40	23	12	12	7	7	2	7	21	14	6	15	25	17	10	14	20	15	9	6	6	5	10	21	10	31	32	46
3	1	2	0	2	2	0	2	0	1	2	0	0	1	1	1	1	2	1	3	2	0	1	1	2	3	1	1	3	2	2	2	3	1	1	0	1	0	0	0	1	1	2	0	0	4	2	3	2	1	0	0	0	0	0	0	0	4	1	1	1	1	3	0	1	2	4	0	4	0	1	0	1	1	3	1	4	0	1	3	2	1	0	3	1	0	1	5	3	4	1	3	1	2	1	2	3	0	5	4	16	27	30	82	104	116	96	111	86	102	75	29	18	16	11	3	14	7	8	2	5	26	19	16	12	4	10	3	17	22	10	17	8	24	17	17	7	10	6	10	14	14	7	8	18	21	32	27	47	52
3	2	0	2	2	1	0	0	0	2	0	4	1	0	1	2	0	0	2	0	2	3	2	1	1	1	1	3	0	2	0	2	1	1	2	2	3	3	1	2	1	0	0	4	4	1	4	0	0	0	1	1	1	1	0	1	4	3	0	0	0	1	1	2	0	1	0	0	2	2	3	0	2	1	1	1	0	1	0	3	0	1	1	1	0	2	1	1	1	1	1	1	0	1	3	1	2	2	3	4	5	7	18	20	59	80	94	109	104	115	88	69	39	43	17	12	10	7	7	9	11	20	17	12	7	4	7	26	21	30	18	12	8	26	34	14	13	3	8	13	25	21	16	17	16	22	35	31	44	36
2	1	1	0	2	0	0	2	1	1	1	0	1	0	1	0	2	0	1	0	0	0	0	1	1	0	1	0	3	1	1	4	0	2	1	2	1	1	1	0	3	1	2	3	2	2	1	3	0	1	1	1	0	1	1	3	2	1	1	0	0	2	0	2	1	0	4	2	4	1	3	0	0	0	0	1	0	0	0	5	1	0	0	0	1	0	1	0	1	1	2	1	1	2	0	1	1	0	3	2	4	2	8	13	25	47	71	89	105	111	94	93	91	43	18	14	7	12	13	16	21	10	14	17	11	14	22	28	29	26	11	13	22	26	28	9	8	14	24	28	21	19	13	17	16	36	42	35	49	41
4	2	0	0	1	0	1	2	1	1	1	2	2	0	2	2	3	1	2	0	0	0	1	1	1	2	2	2	3	1	2	1	1	0	1	1	1	0	2	1	0	1	1	2	2	0	2	3	2	2	1	3	4	1	1	1	2	2	0	1	0	3	0	2	0	1	2	1	1	1	2	2	0	1	1	1	3	3	0	1	3	0	2	0	1	4	1	2	3	3	0	1	0	1	0	3	0	0	0	1	1	1	5	2	5	14	24	39	77	108	120	124	99	86	64	50	30	25	11	11	6	19	13	17	12	10	15	31	27	31	24	22	22	14	22	16	15	10	17	29	34	29	19	11	4	15	37	43	51	50
1	0	0	2	1	2	2	0	5	1	1	2	1	1	2	1	4	2	1	1	2	2	0	2	0	0	1	0	3	1	2	1	0	1	1	3	1	2	2	3	1	3	2	0	3	1	1	1	2	1	2	1	0	2	5	1	0	2	2	4	4	1	1	1	2	0	1	0	0	0	2	2	4	0	2	0	2	3	2	0	2	3	1	0	1	0	0	1	2	4	1	4	3	0	0	1	0	3	1	2	3	2	1	6	5	6	20	32	57	80	95	89	112	100	95	88	52	30	16	18	10	12	17	17	17	7	13	20	27	28	21	29	24	27	18	23	18	13	12	38	31	34	12	5	6	11	19	29	41	46
1	0	1	1	2	1	3	0	1	1	4	4	1	3	1	1	2	0	1	0	2	1	1	3	0	4	1	0	2	3	0	3	1	2	1	2	1	2	0	0	1	1	3	1	1	1	3	1	3	1	2	3	3	0	2	1	0	3	1	5	1	1	0	2	4	0	2	5	3	2	1	1	0	0	1	0	3	2	0	0	0	1	0	1	2	0	2	2	1	2	3	1	0	0	1	1	5	0	2	0	1	0	5	2	2	6	9	5	21	43	80	97	86	85	115	90	85	70	31	21	11	15	11	6	10	4	11	14	17	28	32	41	33	21	20	14	9	8	14	33	33	32	12	3	10	21	32	27	28	24
1	0	3	3	1	1	1	1	2	2	2	2	0	1	2	1	2	2	2	1	1	0	0	0	0	3	1	1	1	0	1	3	1	1	3	1	2	1	1	3	0	1	1	0	0	1	4	1	0	2	2	2	4	3	1	0	0	1	1	2	1	1	1	3	2	1	0	2	1	0	2	2	1	2	2	3	2	1	2	0	1	2	1	2	2	4	1	1	1	0	1	1	0	0	0	5	1	3	0	1	0	3	2	1	1	1	2	1	4	7	14	63	86	97	91	118	95	91	68	67	24	22	16	12	5	7	27	12	15	22	42	48	42	39	33	19	8	11	15	25	13	28	16	11	18	24	16	15	19	10
0	2	0	2	0	2	4	2	1	0	3	0	2	1	2	0	0	3	3	2	1	1	2	1	1	1	1	0	3	0	2	1	0	2	1	1	2	1	2	3	1	0	1	2	1	0	0	1	2	1	1	1	1	2	2	0	2	1	2	2	0	0	0	3	2	2	0	0	3	3	1	3	1	2	2	0	2	0	1	0	0	1	0	1	2	1	0	3	1	1	1	1	4	2	1	0	1	3	0	1	1	0	2	1	1	0	0	1	0	2	11	13	34	63	86	85	105	93	111	98	83	51	29	19	17	24	28	18	12	18	43	39	48	34	29	9	8	12	15	16	6	4	10	8	17	21	23	13	9	10
1	0	2	0	2	0	0	0	1	2	1	2	2	3	1	4	3	1	1	1	1	0	1	1	0	0	0	2	1	1	1	0	2	2	1	3	0	2	2	2	1	0	2	3	2	1	0	2	1	0	0	0	0	1	1	1	0	2	3	2	1	1	1	2	1	2	0	1	1	2	0	1	2	1	2	3	1	0	3	1	1	1	2	1	2	1	2	0	1	1	0	2	0	2	0	2	0	2	1	1	3	0	0	1	1	1	2	5	3	0	2	5	3	14	36	69	110	87	107	104	106	98	76	52	28	21	23	9	8	14	13	34	25	42	25	12	13	6	11	17	14	0	9	6	17	17	32	31	14	9
3	4	0	1	0	1	2	1	1	2	0	4	3	3	2	0	2	0	5	3	2	1	1	0	3	0	1	0	3	2	3	1	2	0	2	4	2	3	3	2	1	1	0	0	0	2	1	2	0	2	1	0	0	1	3	1	2	1	1	2	2	0	1	2	0	1	6	2	0	1	3	1	3	0	1	2	1	2	1	1	0	1	2	0	2	0	3	2	0	2	1	0	1	1	3	1	2	4	1	1	2	1	2	1	0	5	0	3	0	0	4	4	1	7	14	29	52	60	107	101	118	95	118	93	61	43	36	22	12	11	6	14	16	19	8	14	22	14	10	13	13	10	13	23	31	35	23	18	9	2
0	1	1	0	0	0	1	0	2	1	1	0	1	1	1	2	1	0	0	3	0	1	1	0	2	2	2	2	3	1	1	2	2	1	2	1	2	0	1	1	0	1	0	0	1	2	0	1	1	1	0	1	0	2	2	1	1	1	4	1	1	1	5	1	3	2	0	1	1	4	1	2	1	3	2	1	1	4	1	2	0	2	1	2	3	1	2	1	2	0	4	2	1	1	1	2	1	0	1	2	0	1	0	2	3	0	2	0	1	2	2	2	1	0	4	6	14	38	64	99	93	103	96	90	89	81	62	28	13	6	16	8	10	16	14	15	10	8	8	3	16	23	23	24	26	20	18	5	3	4
1	1	1	1	1	0	0	0	0	1	3	2	0	3	2	0	0	3	0	0	2	1	2	2	1	0	1	0	1	0	2	0	0	0	0	1	3	2	2	0	1	0	1	2	2	1	0	2	1	2	0	1	2	3	1	2	0	1	0	3	2	1	0	2	1	1	2	2	1	0	2	1	0	1	2	1	1	0	2	0	1	1	0	3	4	1	1	1	2	0	1	1	0	1	4	1	3	2	2	3	5	4	1	2	1	2	0	1	1	0	1	4	0	4	3	7	8	15	28	71	85	93	115	107	105	116	76	36	35	10	16	6	24	13	8	11	7	1	3	5	12	26	26	26	28	5	6	10	7	9
1	3	3	0	2	0	0	1	4	0	0	0	0	1	1	0	3	0	3	2	2	0	3	1	3	1	0	1	1	2	0	1	0	2	1	2	0	3	1	2	1	1	1	2	0	2	1	3	2	1	0	1	0	0	2	2	1	1	0	0	1	1	2	1	2	1	0	2	1	1	1	2	2	4	1	0	2	2	2	3	0	0	1	1	0	1	2	1	1	1	2	1	1	2	1	0	1	2	0	0	1	1	2	3	1	4	1	5	1	1	0	1	2	2	2	2	0	7	8	23	27	68	92	95	120	120	103	92	71	34	16	14	22	26	12	8	3	8	6	4	7	20	30	23	25	24	15	16	9	7
4	3	3	3	0	4	3	2	0	2	0	1	1	5	1	2	0	1	2	2	1	4	0	0	0	2	3	2	3	0	5	1	2	3	1	1	4	3	0	0	1	1	1	0	0	4	1	4	0	1	1	1	5	2	1	2	0	2	0	1	0	2	1	1	2	3	0	0	3	0	0	0	2	1	1	0	1	3	1	4	1	0	2	5	0	1	0	0	1	1	2	2	1	3	2	2	1	0	0	2	1	3	2	1	2	1	1	1	0	1	0	1	1	2	0	5	0	2	3	6	14	22	54	78	98	116	104	125	102	85	60	29	26	12	10	6	7	9	6	3	7	15	26	27	30	34	19	11	11	11
2	3	1	3	1	0	2	0	2	0	1	1	1	1	0	0	1	3	1	0	0	0	2	2	0	1	0	1	2	0	2	2	2	3	1	1	2	1	1	2	3	1	4	1	0	2	2	3	5	3	0	1	1	0	0	1	1	1	2	0	0	2	0	2	1	3	2	1	3	0	2	1	2	0	2	2	0	0	0	2	0	2	3	1	1	0	0	2	1	0	3	1	2	0	2	2	2	2	1	0	2	1	2	1	4	0	2	0	2	2	0	2	0	1	1	3	3	3	3	1	6	12	22	49	106	113	94	109	115	84	67	55	35	20	13	11	12	6	6	7	15	21	30	39	29	16	21	20	32	29
2	1	2	2	1	0	1	3	1	3	1	2	0	1	2	3	4	2	1	2	1	3	1	1	2	1	1	5	4	2	0	2	2	1	2	3	1	2	1	1	0	0	0	1	1	4	2	2	1	0	2	0	2	0	0	2	2	0	0	2	3	0	3	0	0	2	1	0	1	3	1	4	0	2	0	2	0	0	0	1	1	3	0	1	2	4	1	0	1	0	0	1	2	1	1	0	1	2	1	4	1	1	1	1	0	0	0	1	0	0	0	1	0	1	0	2	0	1	1	0	2	5	8	19	34	69	87	100	107	125	121	87	77	53	29	21	9	8	16	20	20	35	37	39	37	34	26	27	21	23
2	1	0	0	3	1	4	2	2	1	0	0	2	2	0	2	2	2	1	1	0	1	3	0	1	0	3	3	2	0	1	2	1	0	0	3	0	2	1	2	1	0	1	1	2	3	0	0	1	0	3	0	1	2	0	0	1	1	1	0	3	1	1	1	2	1	1	0	0	0	1	0	1	0	2	1	0	1	3	1	2	0	1	2	0	0	1	3	0	1	1	0	1	3	1	1	1	2	1	1	1	1	1	0	1	4	1	0	3	2	4	1	7	1	1	1	3	0	2	2	1	3	5	5	9	14	34	96	106	106	120	114	126	70	47	27	22	29	27	40	27	19	19	28	39	29	25	13	10	14
0	2	0	4	1	0	1	1	2	1	0	0	0	0	1	1	0	1	2	2	2	3	1	3	1	4	3	1	2	0	0	1	0	2	0	0	3	0	1	1	0	2	5	1	1	0	2	1	3	2	1	0	0	0	1	0	2	2	2	1	1	1	1	0	0	1	0	1	1	2	2	1	1	1	5	4	4	1	4	3	2	3	1	2	0	2	2	1	0	1	0	1	3	2	0	0	4	1	0	1	0	2	0	0	1	3	3	1	1	1	4	0	1	4	1	1	1	0	1	1	2	4	5	2	3	8	22	70	82	103	102	102	117	93	99	48	28	28	36	47	33	19	9	27	29	24	24	13	13	12
2	3	0	1	0	3	1	4	1	1	2	2	0	2	3	1	1	0	2	1	0	0	1	5	0	4	2	3	0	1	3	0	0	2	2	0	1	1	0	2	1	3	1	2	0	2	1	2	3	2	1	1	0	2	0	5	1	0	2	0	2	0	1	2	1	0	1	1	1	1	1	1	2	2	2	1	1	1	2	2	0	0	3	0	1	2	3	0	1	3	1	0	1	1	1	1	1	0	2	2	1	2	2	1	2	2	2	0	0	0	2	0	3	4	0	1	0	0	3	2	1	2	6	2	0	4	2	7	11	32	75	94	81	93	103	123	89	59	22	26	23	20	11	5	18	26	31	21	19	8
2	1	2	0	1	1	0	3	1	2	2	0	2	3	0	2	1	1	2	0	1	2	4	1	2	4	0	2	1	2	0	2	0	4	0	2	0	0	0	2	4	2	0	0	0	2	0	2	0	1	3	1	0	1	2	2	0	2	0	0	1	1	3	2	1	1	4	0	1	2	0	1	2	2	2	1	1	2	0	5	4	2	3	2	1	2	1	1	1	1	1	1	4	1	1	3	1	1	2	0	0	2	1	3	0	0	1	3	1	1	0	2	3	1	1	0	2	1	0	1	0	3	2	1	1	3	2	7	8	27	67	78	86	105	123	119	108	68	20	22	14	9	4	11	10	13	9	11	4	4
0	0	3	2	0	2	2	1	5	0	0	2	1	1	1	0	1	1	2	0	1	2	5	3	11	1	1	1	0	2	0	4	1	0	1	2	0	0	0	0	0	1	1	2	1	2	1	1	3	2	1	2	1	0	0	1	1	3	0	0	1	1	1	2	1	2	2	1	0	0	2	2	0	2	2	1	0	1	0	2	1	1	3	0	3	1	0	1	1	1	0	1	1	0	1	0	4	2	1	1	2	0	1	1	1	1	2	1	2	2	1	2	1	2	1	4	0	1	2	3	0	0	1	4	0	1	0	2	5	11	14	39	77	77	89	93	93	106	65	47	39	16	7	15	6	5	8	7	1	5
2	0	0	1	3	3	1	0	0	1	0	1	0	1	1	1	1	2	6	0	1	1	4	7	8	0	0	1	2	0	0	3	1	0	2	1	0	1	1	3	1	2	0	1	2	1	1	1	0	3	2	1	1	1	1	1	0	4	2	2	0	2	1	0	2	1	2	1	3	3	4	0	0	2	2	1	3	0	3	3	0	0	3	0	2	0	3	1	0	2	1	0	0	1	1	2	1	1	1	2	0	3	2	1	1	1	0	2	0	0	1	3	3	1	1	1	0	1	1	2	1	4	1	2	0	1	3	2	1	2	6	10	42	69	99	78	113	110	75	78	45	22	12	18	14	8	2	6	3	3
1	1	1	1	2	1	1	2	0	1	0	2	0	1	1	4	3	0	0	0	0	1	1	1	1	2	1	2	2	4	2	2	3	0	3	3	1	2	1	0	1	1	5	2	0	0	3	1	2	2	0	4	1	2	2	2	0	1	2	1	2	0	2	0	0	2	1	1	2	0	2	1	0	0	0	1	2	0	1	0	1	2	0	3	0	2	2	2	2	0	2	3	2	0	2	2	1	0	1	0	1	1	3	0	1	0	2	1	2	3	0	2	1	0	1	0	0	0	2	2	4	2	1	1	1	1	1	1	2	1	3	4	12	33	70	103	86	99	115	87	67	34	23	24	22	9	6	7	15	11
0	1	1	1	0	1	1	1	2	0	1	2	1	0	0	1	2	1	0	1	3	1	2	0	0	2	2	2	3	4	3	0	3	0	0	0	1	1	1	0	2	2	0	2	1	2	1	3	1	0	1	0	0	1	0	1	3	1	0	1	0	1	0	1	2	0	2	1	0	0	0	2	1	1	2	2	1	0	1	1	1	0	1	1	1	2	4	2	3	0	1	2	2	3	0	1	2	1	1	0	1	1	0	0	1	2	2	4	0	1	0	2	3	0	2	0	0	1	0	0	3	2	1	1	0	0	3	1	0	0	2	7	9	18	61	102	96	107	126	85	44	27	27	25	11	5	6	13	27	20
0	2	0	0	2	2	1	2	1	0	1	2	1	2	1	3	1	0	1	1	0	2	1	1	2	1	1	2	0	6	5	3	3	0	1	1	1	1	1	3	1	1	0	3	3	0	0	1	2	0	1	1	0	1	1	2	3	1	2	0	0	2	2	0	0	3	1	1	0	2	3	2	0	1	0	0	1	4	0	2	0	0	1	3	0	5	4	0	1	4	0	0	0	1	0	0	1	1	0	2	2	2	1	2	0	0	2	1	1	0	3	1	2	3	3	1	0	3	0	3	2	0	0	3	4	2	0	1	2	0	2	1	1	5	14	38	88	93	84	94	87	46	38	29	26	13	9	11	18	17
2	3	0	0	0	0	1	0	0	2	1	0	0	1	1	1	2	3	1	4	3	2	2	1	2	2	4	1	3	6	0	2	1	0	3	0	4	0	2	2	2	5	0	2	0	0	0	1	1	0	1	1	3	0	2	1	0	1	0	1	0	0	0	3	1	1	2	2	1	1	2	1	1	1	0	0	0	1	0	3	1	2	2	3	2	2	3	2	3	1	0	0	1	5	1	1	1	0	1	1	0	2	1	5	2	1	0	3	2	1	0	0	2	1	1	1	1	1	3	1	4	0	3	2	5	1	0	2	5	1	1	4	2	6	10	29	68	103	78	98	88	50	31	14	13	10	6	26	20	27
3	3	1	1	2	0	3	4	2	1	3	2	1	1	1	2	2	0	1	1	2	3	2	1	1	0	0	3	3	3	0	1	2	1	1	0	1	0	1	0	0	2	2	2	4	0	2	1	0	1	1	1	1	3	1	2	0	1	0	1	2	2	0	2	0	1	1	1	0	0	0	1	1	2	0	4	2	2	1	1	0	2	0	1	0	0	1	2	1	0	1	0	1	0	2	0	1	1	1	1	1	1	2	2	0	1	2	0	0	0	1	1	1	1	3	2	1	1	1	3	1	1	2	0	2	1	0	0	1	0	1	3	0	5	5	8	35	77	96	106	90	81	49	24	8	4	9	9	19	17
2	1	1	0	2	0	2	2	2	2	1	1	1	2	1	0	2	4	0	6	3	4	2	0	0	2	1	2	1	3	2	3	1	3	1	0	5	1	2	1	1	0	1	1	1	1	1	2	2	2	0	0	2	1	1	3	1	2	2	0	1	2	1	1	4	1	3	0	1	2	0	1	2	3	2	0	0	0	2	1	1	0	2	0	2	0	1	0	2	0	1	2	1	3	1	0	3	1	3	2	1	0	0	1	3	2	3	2	1	0	0	2	3	0	1	2	1	2	0	2	1	2	0	1	1	1	2	2	0	1	1	0	1	4	3	5	20	42	72	93	99	96	88	35	23	9	12	4	17	14
2	4	2	3	0	1	1	3	2	1	1	2	2	1	1	4	1	1	1	1	0	0	2	0	3	3	2	5	2	2	1	2	0	1	2	1	1	1	3	0	2	2	0	1	2	1	2	2	1	2	2	0	4	3	1	2	1	1	1	1	1	1	1	1	0	3	2	1	1	2	2	1	4	0	4	1	0	2	0	4	1	0	3	1	1	1	1	2	2	2	3	3	1	2	2	0	2	3	2	1	3	1	0	0	2	0	1	1	0	0	1	3	1	0	0	2	2	2	3	0	0	0	2	1	2	1	0	2	1	1	2	1	3	0	2	3	7	24	58	91	98	97	110	78	35	12	10	11	16	12
2	4	3	3	3	1	1	4	10	2	2	0	2	2	1	5	2	1	3	0	1	2	0	1	2	2	2	1	0	2	1	1	4	1	2	1	0	2	1	2	2	3	1	0	0	1	3	0	2	1	4	2	1	0	0	3	0	3	2	1	2	0	1	2	1	2	2	1	3	4	0	2	2	2	1	3	0	3	1	2	1	1	2	4	0	0	2	0	0	1	3	1	1	1	0	1	1	4	2	3	3	1	0	4	0	2	2	0	0	1	2	1	1	2	5	0	1	0	2	2	2	0	2	2	0	0	0	2	2	0	2	1	1	0	1	4	7	13	25	67	80	94	99	78	49	17	13	10	8	17
2	3	1	1	1	4	0	0	1	1	2	0	1	0	2	5	5	1	0	2	2	1	0	2	2	3	3	2	1	2	1	2	3	1	0	0	1	1	0	2	1	1	1	1	0	3	2	4	4	1	1	1	4	4	1	2	2	4	1	0	0	0	1	2	1	0	0	3	2	0	1	0	2	0	3	1	1	0	0	1	2	3	1	2	0	6	1	2	3	1	1	3	1	0	0	1	0	0	4	1	1	1	2	2	0	1	3	1	2	4	2	2	2	1	2	0	1	1	1	0	1	0	0	2	0	1	2	0	1	0	0	0	2	1	1	3	1	11	16	61	73	91	81	79	34	26	8	15	15	25
2	2	4	0	1	0	4	2	1	2	0	4	4	1	0	7	1	5	2	1	2	2	1	4	2	0	3	3	1	2	2	3	4	5	1	2	0	2	1	3	5	3	1	4	3	2	1	0	1	1	0	0	1	2	3	0	0	2	2	3	1	3	2	1	1	1	2	2	2	3	0	2	1	0	1	1	0	0	1	0	1	0	0	2	2	0	4	3	1	1	0	1	0	3	1	5	1	0	2	1	1	1	0	1	1	4	0	1	2	0	2	0	1	0	0	0	0	0	1	0	1	2	3	3	0	0	0	2	2	1	1	1	1	3	2	4	0	3	8	32	59	84	79	74	45	19	14	15	23	18
2	3	2	1	0	2	2	3	4	2	1	1	1	1	3	5	1	3	2	0	4	1	0	2	2	1	1	0	1	2	1	5	3	1	2	0	1	1	6	3	4	4	0	1	3	2	1	0	0	3	1	3	1	0	2	4	2	2	1	1	0	1	0	4	2	3	0	2	0	0	4	0	1	0	1	2	1	0	0	2	1	1	1	0	4	1	2	0	0	1	1	1	1	0	0	2	1	2	1	1	1	0	1	2	3	0	0	1	3	2	1	3	1	0	0	3	1	2	3	1	1	1	0	1	2	1	1	3	0	3	1	0	2	0	0	3	2	0	2	8	12	62	80	54	51	27	11	11	24	21
0	0	2	2	1	1	2	1	0	5	2	1	2	2	3	2	1	2	0	2	1	2	1	3	0	2	0	3	1	1	5	0	2	3	5	2	2	0	6	6	1	2	1	2	0	2	4	1	0	1	2	1	0	0	1	3	0	1	0	0	1	1	0	1	1	0	1	2	3	3	0	0	1	4	1	0	0	1	1	4	1	0	0	1	1	1	2	1	0	1	0	0	5	2	2	2	1	0	1	1	1	1	3	0	1	0	1	1	1	0	1	2	1	1	3	1	3	1	1	3	0	3	0	1	2	0	2	1	1	1	1	3	0	2	0	3	3	1	2	6	6	16	38	60	73	41	25	11	16	14
0	0	1	1	1	2	3	1	1	2	1	2	1	0	3	3	2	1	0	2	0	0	2	2	3	2	1	3	0	2	2	1	4	5	4	0	2	5	2	1	1	5	1	3	2	5	2	0	2	2	2	2	0	0	3	2	1	0	1	1	0	3	2	0	2	2	1	4	2	0	0	0	2	1	1	1	2	1	1	1	2	3	1	1	1	2	0	2	1	1	2	0	1	1	0	4	0	0	2	0	1	1	1	2	2	0	0	2	2	4	0	2	2	0	3	1	2	1	2	2	2	2	2	3	2	1	3	1	0	1	0	1	2	1	5	1	1	1	1	2	5	9	21	46	56	63	26	10	9	6
1	2	3	2	2	2	3	1	2	2	2	0	0	3	2	1	1	0	2	0	0	0	3	2	2	3	4	3	1	3	1	2	1	2	2	4	3	2	0	2	0	2	3	4	2	2	1	0	1	1	1	2	2	1	3	1	1	2	2	2	2	0	1	1	3	0	0	2	5	0	1	0	1	1	1	3	1	1	1	1	2	2	0	0	1	0	1	1	3	2	1	0	3	4	1	3	1	0	1	0	2	4	1	2	1	0	5	3	1	2	3	1	1	1	1	2	0	0	1	2	5	1	1	1	2	2	0	0	2	1	1	0	2	1	1	2	1	1	0	2	6	9	28	70	80	51	22	7	9	10
0	1	2	0	1	0	1	1	1	1	4	3	0	1	0	2	0	2	1	1	1	1	0	1	0	2	0	3	2	1	2	3	4	1	4	6	5	1	5	2	3	3	3	5	2	1	0	1	0	1	1	1	5	0	0	0	2	1	0	2	0	2	0	1	1	1	1	1	1	0	2	1	0	1	2	0	1	4	0	0	0	1	1	0	1	0	2	0	3	0	0	2	1	3	1	0	2	1	0	0	2	2	1	0	1	2	3	3	3	1	1	0	1	0	1	2	0	1	1	1	0	2	1	0	3	1	2	1	0	2	1	0	0	3	1	1	1	2	2	2	1	8	30	66	64	82	44	20	17	12
0	0	2	1	0	1	1	2	4	1	0	2	0	2	4	0	4	1	1	3	1	0	0	0	3	1	2	0	1	1	2	0	3	1	2	2	0	7	2	4	1	3	3	6	1	1	3	0	0	0	1	0	2	2	2	2	0	2	2	1	1	0	2	0	0	1	2	0	1	1	0	2	1	2	1	1	0	1	1	1	1	0	0	0	1	1	1	1	1	2	1	1	1	3	1	1	0	0	1	1	0	2	1	1	2	1	3	2	4	2	0	1	2	2	0	1	3	1	0	0	2	3	3	3	2	1	2	1	1	2	0	1	0	1	1	0	2	2	1	2	2	4	13	36	72	75	64	35	17	27
0	1	0	5	1	0	0	0	1	2	1	2	0	2	0	3	3	2	2	2	0	3	1	1	2	2	2	2	0	1	1	1	1	2	2	3	2	3	6	4	3	4	9	6	3	3	2	2	0	4	2	0	2	1	1	3	1	1	0	0	6	4	1	1	1	2	0	2	0	1	6	0	0	2	5	0	1	2	1	1	1	1	2	1	1	2	2	0	1	1	2	0	1	2	1	0	0	0	1	1	1	1	1	0	1	3	1	0	2	2	3	2	2	1	2	0	0	2	1	1	1	1	0	2	1	0	1	1	1	0	1	0	1	0	2	1	1	1	1	2	1	4	4	21	65	72	87	74	34	32
0	2	0	0	3	2	2	1	1	3	1	1	1	2	0	2	2	3	1	0	4	1	4	5	2	1	0	1	1	1	3	3	1	3	2	2	4	1	0	2	3	1	7	2	2	3	2	0	0	1	2	3	1	1	0	3	4	0	1	2	1	1	3	1	2	1	1	0	0	0	0	0	1	2	3	2	2	3	0	2	0	0	0	2	0	1	1	2	1	1	1	2	1	1	2	1	0	0	1	3	0	4	0	1	1	2	1	1	1	1	2	1	2	3	2	2	0	1	2	1	2	1	0	2	1	2	2	3	0	4	2	1	1	0	1	0	1	1	3	1	2	3	9	27	63	80	82	58	45	39
0	0	2	3	0	3	2	2	0	4	2	3	3	1	0	2	5	3	1	0	1	2	0	2	0	1	0	0	2	2	1	1	4	1	1	1	2	4	1	1	3	0	2	6	2	2	2	1	2	2	1	0	2	1	2	2	1	1	0	2	0	3	1	1	1	3	2	1	0	0	0	0	2	0	2	1	0	0	1	1	0	2	1	0	0	1	0	1	1	2	1	2	1	0	1	1	1	2	0	1	1	4	2	1	3	0	2	2	1	1	2	2	4	2	0	1	1	3	2	0	1	0	0	3	2	1	1	1	0	2	1	1	1	0	0	0	0	2	0	0	2	5	5	22	53	87	78	79	56	51
4	0	4	2	2	0	2	1	1	1	1	3	2	0	1	1	0	0	1	4	4	5	5	5	4	1	2	3	4	3	12	1	1	1	2	1	2	3	1	2	4	3	2	3	2	3	2	2	1	1	5	2	5	0	1	0	0	1	1	3	0	2	0	0	1	3	2	2	1	1	1	2	0	1	0	1	0	3	2	0	1	0	0	0	0	0	1	1	1	2	1	0	2	0	2	0	1	3	0	1	1	2	0	3	0	0	0	3	1	0	0	1	1	1	5	0	0	3	0	2	1	1	0	3	1	0	0	0	3	2	4	0	1	1	3	2	0	0	1	1	2	2	7	8	19	50	91	77	63	59
2	1	3	0	2	2	3	2	1	1	1	2	0	2	0	1	0	4	2	0	4	3	5	2	3	0	0	2	0	0	3	4	4	0	1	3	2	3	4	1	4	4	5	0	0	1	1	2	1	6	0	4	0	2	3	2	4	1	2	0	2	0	1	0	4	2	0	1	2	1	0	1	1	1	1	2	4	1	1	0	0	1	0	2	3	0	4	1	0	1	2	0	2	0	1	1	1	1	1	0	1	1	0	2	1	0	1	1	2	3	4	1	0	0	1	0	2	1	1	3	1	2	0	0	2	0	1	1	4	1	1	0	0	0	1	1	2	2	4	1	2	2	4	5	41	62	67	84	64	49
3	2	1	1	1	3	2	1	0	0	2	4	2	3	0	1	1	1	1	0	3	5	2	4	3	2	1	0	2	5	2	1	1	1	1	5	0	3	1	3	2	4	2	5	2	0	3	4	0	1	1	0	4	1	2	0	2	3	2	1	0	2	1	3	3	1	1	2	1	0	1	1	2	2	0	0	0	3	0	0	1	1	0	2	1	2	1	1	1	0	0	2	2	1	3	0	1	3	1	1	1	0	2	1	0	2	3	0	0	1	3	4	2	1	1	0	1	1	1	0	1	2	1	2	2	1	1	4	2	0	3	1	0	1	1	1	1	1	0	1	0	1	1	7	12	50	73	81	80	57
2	0	0	1	3	1	0	1	0	1	2	0	2	2	1	0	2	0	1	5	3	3	3	2	4	0	3	5	1	4	1	1	3	1	0	0	1	0	3	0	1	1	7	3	0	1	2	0	0	1	1	0	2	0	1	0	2	3	2	0	0	1	3	2	2	0	0	1	1	3	2	2	1	1	0	2	2	0	1	1	1	3	1	1	3	1	2	1	0	2	1	0	2	0	3	2	0	2	0	2	0	2	0	3	2	1	0	0	2	1	0	3	2	4	0	1	2	1	0	0	1	2	5	1	1	0	1	2	1	1	2	2	2	3	2	3	2	0	3	2	1	1	0	2	4	9	24	65	82	70
0	1	2	2	2	5	2	1	1	1	1	4	1	3	2	3	0	1	4	3	2	3	1	3	1	0	5	1	3	2	6	4	2	3	3	2	1	2	0	0	1	3	2	1	0	1	1	1	0	1	3	1	0	0	3	2	2	2	1	2	3	0	1	4	2	1	4	1	1	1	0	1	4	2	2	2	3	0	2	0	0	0	1	3	1	2	1	1	1	0	0	4	0	0	1	2	0	0	1	0	1	4	1	0	1	1	1	1	2	3	4	1	2	1	0	3	3	1	1	1	1	1	1	0	0	2	4	1	0	1	2	4	0	4	1	0	2	3	2	2	1	0	1	3	4	7	33	55	69	76
0	2	0	0	2	1	1	0	1	1	2	3	2	2	5	3	3	3	2	4	1	0	1	0	0	1	0	2	1	2	3	0	1	1	1	1	1	0	2	0	0	2	3	0	1	3	1	3	2	1	0	2	2	1	1	2	5	4	0	2	9	2	1	2	0	2	0	1	1	2	4	1	0	1	2	0	0	1	2	3	0	1	0	0	1	2	1	1	4	2	1	1	2	2	1	0	3	1	0	2	1	4	3	2	0	1	0	1	2	0	0	3	0	4	3	1	1	2	1	0	1	0	0	2	0	0	0	1	3	2	1	0	3	3	1	1	0	1	1	0	0	1	0	0	4	6	14	25	52	77
3	0	2	1	2	5	0	2	2	3	1	5	2	1	0	3	2	3	0	4	1	0	1	3	0	0	1	0	2	0	3	4	1	2	2	0	5	1	2	2	2	0	2	2	1	1	1	4	0	0	1	0	1	1	1	1	3	1	1	4	3	2	3	6	0	0	1	0	0	4	1	0	1	1	0	1	4	2	3	1	3	0	4	2	2	1	1	1	1	1	4	1	0	0	0	1	0	2	2	0	0	1	1	2	1	1	1	2	2	3	0	0	4	5	1	1	0	1	0	0	0	2	2	1	3	0	2	1	2	2	0	2	1	0	0	2	1	1	1	1	6	1	0	0	2	1	6	12	61	70
2	2	2	0	4	4	0	2	3	2	1	1	3	4	1	0	2	3	4	0	2	1	1	0	2	3	0	1	2	1	0	1	3	1	2	1	1	1	2	0	0	1	0	3	0	3	2	1	1	0	3	2	1	2	1	2	2	2	1	5	2	1	0	0	2	4	0	1	2	1	1	2	2	0	2	2	1	2	1	0	1	0	3	1	0	0	3	2	1	1	2	1	1	3	0	1	4	1	1	3	4	6	2	0	0	1	1	4	2	0	2	1	1	1	1	4	1	2	2	0	0	0	2	0	0	2	1	2	1	0	3	0	0	2	3	2	0	2	3	0	1	1	0	1	1	3	0	4	23	34
3	0	3	2	0	2	3	2	2	4	0	0	2	1	5	0	1	1	2	2	0	3	2	1	2	2	0	1	2	0	2	0	3	1	4	2	1	1	2	2	1	0	1	1	3	0	2	1	2	1	0	2	3	2	0	3	1	4	4	0	1	2	1	0	1	0	2	2	1	1	3	3	2	4	1	2	1	2	2	0	1	1	1	1	1	2	0	1	0	0	1	2	1	2	2	2	0	2	1	2	1	4	1	3	1	0	0	2	1	2	0	2	1	1	1	0	1	5	1	3	2	1	0	2	3	2	1	3	2	2	1	1	0	2	1	1	1	2	2	1	3	1	1	1	2	1	3	1	7	10
4	0	1	3	1	1	3	2	2	1	1	1	0	1	2	0	0	3	4	0	0	0	0	1	2	2	2	2	0	0	0	1	1	0	2	2	3	1	0	0	2	1	1	2	1	1	2	2	1	1	0	1	0	0	0	4	0	1	2	3	1	1	2	2	4	1	1	1	0	5	3	2	1	5	2	3	1	1	0	4	2	3	2	1	0	3	1	1	1	0	0	2	0	1	0	1	2	1	2	1	3	0	1	0	2	0	2	0	2	1	4	1	1	2	0	0	1	3	1	2	2	0	2	1	0	1	1	0	1	1	0	1	0	2	2	2	2	0	0	6	2	1	0	1	1	2	0	0	10	10
0	4	1	1	3	0	0	2	0	1	2	2	1	2	1	3	2	1	1	2	0	1	2	1	1	1	1	1	0	2	1	4	2	1	0	0	3	6	0	1	1	3	4	0	1	0	2	1	4	1	1	0	2	1	2	1	1	2	0	1	0	2	0	1	0	0	0	5	3	2	0	1	0	5	6	1	2	4	3	2	0	1	1	2	2	2	2	2	2	3	1	0	5	2	1	3	2	1	0	0	4	0	3	0	0	0	1	3	3	2	1	0	3	4	2	2	3	0	3	0	3	0	0	1	1	0	1	2	2	0	1	3	1	3	1	2	2	1	0	2	2	1	2	2	0	0	3	2	2	4
1	1	1	2	3	3	1	1	0	2	2	2	3	0	3	0	1	2	3	2	1	1	2	3	1	2	4	5	2	2	2	2	2	3	3	1	0	2	3	1	0	0	2	0	2	1	4	2	3	1	0	2	1	1	2	3	2	1	2	1	1	1	0	3	1	1	0	2	2	1	0	1	4	10	8	2	0	2	2	2	0	0	1	0	2	1	2	1	1	3	3	2	0	0	0	0	2	0	0	0	1	1	2	3	1	0	1	1	3	0	0	0	2	1	1	1	3	1	3	2	2	1	2	0	3	3	2	0	2	2	2	1	0	1	0	1	1	2	4	0	2	0	1	3	0	0	1	1	1	2
4	3	2	1	2	1	4	0	3	2	0	0	2	3	2	1	0	3	2	0	2	1	2	1	0	1	1	3	2	1	0	1	1	1	1	2	2	0	2	2	5	1	2	1	2	1	0	3	0	1	3	2	2	0	0	4	2	2	0	2	2	1	1	0	1	0	1	0	0	1	0	3	6	6	0	1	5	1	5	1	2	1	1	1	3	4	1	0	2	0	0	1	1	3	2	2	2	2	0	2	0	1	1	0	2	0	4	0	2	2	1	1	1	0	1	1	1	3	2	2	1	4	1	0	1	0	0	0	1	2	1	0	0	1	0	1	0	0	1	3	1	1	2	0	0	3	2	1	2	0
3	2	1	2	2	1	2	0	1	1	1	1	2	1	3	0	5	3	0	0	2	1	1	0	1	1	3	3	1	1	0	0	1	2	2	4	2	1	1	4	2	2	2	1	0	3	2	1	1	1	4	0	0	2	2	2	5	3	4	0	1	2	2	1	0	1	1	1	2	1	0	4	4	8	4	6	1	1	3	1	4	1	2	3	3	3	2	2	2	4	0	1	0	0	0	1	4	0	1	0	0	2	0	0	1	1	2	1	1	1	3	1	0	3	0	1	2	1	2	2	1	0	4	1	0	0	0	2	0	1	1	1	0	1	0	1	1	1	0	0	2	1	1	1	1	0	0	1	0	0
1	3	2	2	0	3	2	0	3	0	0	0	2	1	4	4	1	0	3	1	1	1	2	1	3	2	0	0	4	1	3	1	1	0	2	2	1	3	0	1	1	1	3	2	4	1	3	2	4	0	1	0	0	1	2	3	0	3	1	1	4	1	2	2	1	1	0	3	3	1	6	6	7	8	6	3	2	5	1	2	0	0	1	1	2	1	2	0	3	1	0	0	0	1	2	4	2	2	1	1	2	0	2	0	1	3	1	0	1	1	0	3	0	2	0	2	0	1	1	0	1	2	0	2	2	0	2	2	1	0	3	1	0	0	0	3	3	2	3	0	0	0	4	1	1	0	2	0	2	0
2	4	1	1	2	4	3	1	0	3	1	2	1	0	2	3	3	2	0	0	2	1	1	0	1	1	0	3	3	4	4	1	1	2	2	2	3	2	2	1	6	1	3	2	0	2	0	4	2	1	3	4	2	2	0	0	2	0	2	1	3	1	1	4	0	3	3	1	1	1	0	0	9	12	7	5	6	2	1	4	4	1	1	4	1	1	1	0	2	2	1	1	1	2	1	1	2	1	1	1	3	2	1	3	0	2	3	0	3	0	2	0	2	0	1	1	1	0	1	0	4	1	3	5	1	1	2	3	5	5	0	3	2	0	1	1	2	0	2	3	1	2	1	0	0	3	1	3	1	1
1	3	1	6	0	1	2	3	1	2	2	0	1	2	1	0	1	2	0	3	1	3	2	1	0	2	2	3	3	1	2	2	2	1	1	1	1	1	1	2	1	1	1	2	0	0	2	2	0	1	1	0	1	1	4	4	0	2	2	0	1	1	0	0	0	0	0	1	1	0	3	10	19	13	1	6	5	6	7	5	1	3	2	5	1	4	2	1	1	2	2	3	3	3	1	3	1	2	2	0	1	2	2	4	0	0	0	1	0	1	0	1	1	2	1	1	0	2	3	3	2	1	0	1	0	0	2	1	0	0	1	2	0	2	0	0	0	0	0	3	1	1	4	2	0	2	2	0	1	0
4	9	0	4	1	2	2	1	3	1	2	0	1	1	0	0	0	0	1	0	0	1	1	3	4	2	2	0	3	0	0	1	1	2	0	5	0	2	2	1	1	2	2	1	1	1	2	0	2	0	0	2	3	0	1	1	2	0	0	2	0	0	0	0	2	2	3	2	1	2	7	12	22	9	10	7	8	6	7	6	2	3	7	1	1	2	2	2	2	4	1	1	1	2	6	0	2	2	1	0	3	1	2	1	3	2	1	1	2	4	1	1	3	0	2	2	2	1	3	0	1	0	1	1	0	0	3	2	2	1	2	1	2	0	1	2	0	1	1	0	5	4	0	2	1	0	2	1	1	2
6	12	4	2	0	1	4	0	1	1	1	0	0	0	0	1	1	2	2	1	2	1	2	0	3	2	2	1	0	0	3	1	1	2	2	4	0	1	2	2	0	2	1	0	1	3	1	0	0	0	3	2	2	0	1	2	3	3	4	2	2	2	0	2	1	1	2	0	1	2	12	27	22	30	18	19	14	7	0	3	3	8	5	3	2	1	2	2	1	0	6	2	0	4	3	0	0	3	1	5	2	1	1	2	3	0	1	0	0	2	1	1	3	3	1	2	2	1	1	2	2	3	0	3	1	2	1	0	1	2	2	1	0	0	5	3	2	0	2	0	1	0	5	1	0	2	0	3	2	1
4	2	2	2	3	3	3	2	3	1	2	1	1	2	1	1	2	1	1	2	2	4	2	1	0	3	5	0	3	1	2	0	2	0	1	1	0	3	1	0	1	4	4	1	5	0	1	2	4	2	2	1	2	1	2	1	2	1	0	0	0	1	5	3	2	2	1	4	6	7	34	49	47	33	17	18	8	15	3	6	1	3	4	1	1	1	4	2	1	2	7	0	2	0	0	1	0	2	2	0	0	6	0	3	2	2	0	1	0	1	3	1	0	1	2	1	2	2	2	1	1	0	1	1	1	1	2	3	1	2	1	1	3	0	2	1	2	3	1	0	1	0	1	1	2	0	2	1	1	1
1	2	4	1	2	2	1	2	1	0	3	1	2	3	0	2	1	3	1	1	1	4	1	0	1	1	0	0	2	3	1	0	1	0	3	2	3	0	2	3	0	4	2	1	1	1	1	4	1	1	2	4	1	1	2	1	3	0	2	0	0	1	0	0	2	2	0	3	8	11	47	46	48	32	33	14	11	6	6	9	3	3	1	1	1	1	1	1	1	3	0	1	3	1	4	2	1	0	5	1	2	2	2	1	2	2	1	1	2	0	0	2	0	2	3	0	4	1	2	1	0	0	0	2	3	1	1	0	0	1	1	1	0	0	1	1	1	2	1	0	0	1	0	2	3	1	0	2	0	0
3	1	0	4	4	0	2	1	0	2	0	1	6	2	0	0	0	1	0	2	1	2	1	2	0	2	2	1	0	2	2	4	3	1	2	1	2	1	0	1	0	3	2	3	3	3	0	0	2	3	3	0	2	0	1	1	2	0	6	2	0	1	2	3	0	1	3	2	9	22	52	55	56	37	41	23	18	2	5	18	8	2	2	2	0	1	1	2	1	2	0	2	4	1	1	0	0	0	3	1	5	4	5	3	1	0	2	0	1	1	0	2	0	1	1	1	0	0	1	2	1	2	1	3	4	1	1	2	1	1	1	2	0	1	2	1	2	0	3	0	0	2	2	2	1	2	1	2	1	0
3	1	1	1	2	1	1	2	1	3	1	0	5	1	2	0	2	2	1	0	1	0	3	1	3	2	2	1	1	1	2	3	1	0	0	1	2	0	2	2	1	1	1	2	3	2	2	2	1	2	3	2	0	2	0	2	1	1	2	1	1	2	1	1	3	1	4	5	15	37	49	48	45	52	31	19	15	11	13	18	9	3	3	3	3	0	2	0	1	1	1	1	1	2	0	1	1	0	4	4	1	2	0	3	1	0	1	2	2	0	0	0	1	2	2	1	2	0	3	1	0	0	2	1	1	2	2	0	3	3	4	0	4	3	0	0	2	0	1	1	2	2	2	1	1	2	2	0	1	5
2	3	2	5	4	1	0	2	0	4	2	2	2	0	0	2	2	2	0	1	3	3	3	5	4	1	2	0	1	3	2	2	3	2	2	1	0	1	4	3	1	1	3	0	0	2	3	2	3	1	1	3	1	2	0	1	3	1	0	1	1	4	0	3	1	2	1	7	27	38	47	56	58	54	29	16	11	15	22	12	8	1	0	0	0	0	1	0	1	1	3	1	2	3	4	1	1	1	3	1	4	3	3	1	0	3	0	2	0	0	1	0	2	1	0	1	2	4	0	3	2	1	0	2	2	1	2	1	3	1	2	1	0	0	1	3	1	0	0	1	1	1	0	4	2	3	0	0	1	1
2	4	2	4	2	1	0	1	1	1	7	3	1	3	0	1	1	1	3	1	0	0	1	4	0	4	2	0	3	1	4	1	2	4	1	1	0	3	2	1	0	0	5	3	2	3	1	2	2	0	3	1	1	2	2	2	3	3	2	2	0	0	2	0	2	2	8	15	17	24	32	40	45	46	29	17	16	23	28	20	5	3	3	3	1	1	0	1	2	0	0	0	2	3	0	3	4	3	1	3	6	9	5	3	0	2	0	2	1	1	4	1	1	1	1	0	1	2	2	1	0	1	0	1	1	2	2	3	1	1	1	1	0	2	1	1	2	0	0	1	1	0	0	2	1	0	2	1	1	0
5	5	4	3	4	5	3	1	1	0	2	1	1	0	1	1	1	3	5	3	1	2	2	2	4	3	2	2	0	0	3	1	1	1	2	5	0	1	1	3	2	3	1	0	0	1	0	2	1	2	2	1	1	0	1	5	4	2	2	0	2	3	1	3	4	3	3	12	7	23	23	30	39	52	17	7	12	21	22	11	4	6	4	0	3	6	0	0	0	1	4	2	0	3	0	2	4	3	4	3	3	6	1	4	2	2	1	3	1	1	0	0	1	2	0	0	1	0	4	1	1	0	1	1	1	0	1	2	0	2	2	2	0	2	1	3	1	4	0	3	0	1	1	0	2	0	2	0	1	1
6	1	3	4	5	2	0	3	0	2	1	1	2	2	0	1	3	7	7	9	3	4	4	3	4	2	2	0	2	1	3	1	3	0	3	3	2	2	0	1	0	2	1	4	1	0	2	1	5	0	1	2	0	1	3	0	2	2	1	3	4	1	3	0	2	3	3	5	12	9	20	22	36	24	19	9	17	20	15	1	2	6	0	2	2	2	5	0	2	0	0	1	1	6	2	1	2	1	6	2	3	5	2	3	3	0	1	3	4	1	0	2	0	4	1	1	3	4	1	1	1	0	0	0	1	4	5	0	3	2	3	2	3	1	0	1	2	2	3	0	0	0	1	1	4	2	0	5	1	3
2	3	10	7	7	5	5	2	0	1	0	0	1	0	2	3	7	8	16	12	9	4	9	6	3	3	3	1	1	1	1	0	1	1	0	0	2	1	0	1	1	1	1	0	3	1	5	1	0	4	1	2	0	2	2	0	0	4	0	0	0	1	0	3	1	2	1	6	6	11	19	18	19	14	7	7	9	14	7	2	0	2	3	1	2	2	3	4	2	0	0	5	0	5	2	3	3	5	5	4	4	2	1	1	1	1	0	1	0	2	1	1	1	0	2	1	2	0	0	1	0	5	2	1	3	1	0	1	0	1	2	0	2	0	1	0	0	2	1	3	1	2	1	2	1	1	4	2	0	0
3	6	12	11	8	4	2	3	2	0	2	6	3	7	3	3	1	3	10	17	6	4	7	3	3	1	0	2	1	0	2	2	1	0	1	2	0	0	0	1	1	1	0	1	3	1	1	2	0	1	2	3	2	0	2	3	0	1	3	0	0	1	1	2	2	0	3	8	3	4	25	17	11	15	4	3	8	9	7	2	2	1	0	3	0	0	3	1	3	0	1	2	1	3	5	1	1	2	3	3	1	1	4	1	2	1	3	2	1	3	1	3	2	1	1	1	1	1	1	2	0	0	0	0	0	1	0	3	1	3	1	0	1	2	1	1	1	2	0	1	4	3	1	3	3	0	1	4	1	1
3	18	17	10	2	3	4	2	1	2	1	10	4	7	13	10	6	5	6	10	13	13	4	5	1	0	4	1	1	0	1	0	2	2	1	1	3	3	3	1	2	5	2	2	0	1	2	1	2	0	0	1	2	3	2	1	0	0	2	2	2	3	3	4	1	1	8	5	6	10	9	15	14	15	13	3	4	3	1	3	1	1	5	2	2	2	0	3	2	2	1	4	2	2	2	3	3	2	4	5	4	0	2	2	2	2	0	4	0	1	2	1	1	2	0	0	1	3	2	1	2	0	2	4	1	2	2	3	1	1	0	3	1	1	0	1	1	0	0	2	1	0	1	3	1	0	2	1	2	2
6	15	25	19	8	5	2	3	5	4	4	2	8	8	13	31	29	9	10	10	2	7	10	10	5	4	1	1	1	0	2	4	3	1	1	1	0	2	4	3	3	1	6	3	3	1	1	2	0	0	2	1	4	1	1	2	1	2	1	1	1	2	6	3	2	0	3	2	7	10	12	8	6	7	7	5	5	1	3	2	2	0	0	0	1	0	1	1	3	5	0	1	3	3	2	4	1	3	5	3	5	4	0	3	1	3	2	1	1	1	0	0	2	2	1	1	0	1	0	1	3	2	0	3	1	0	3	2	0	3	0	1	2	0	2	0	4	4	0	2	4	0	2	2	2	0	0	2	1	0
13	21	17	12	3	0	7	1	5	5	10	9	13	16	24	73	55	25	18	3	6	4	3	10	2	5	5	1	2	0	3	1	1	2	0	1	2	3	1	3	0	1	4	2	1	1	2	2	3	1	1	2	3	0	1	0	2	1	0	2	1	0	0	3	0	7	9	7	5	9	9	8	3	3	6	4	4	1	0	2	1	0	0	1	1	4	1	1	1	2	2	1	5	9	3	4	3	4	2	4	5	4	1	3	1	4	6	6	2	4	1	1	3	1	1	2	3	0	2	1	2	3	0	2	2	3	0	1	0	2	0	2	3	1	1	1	1	3	2	2	0	1	1	3	0	2	1	0	2	3
31	34	10	6	5	3	12	7	9	13	15	25	23	42	52	91	74	39	12	10	2	3	3	0	3	1	1	2	2	2	3	2	0	2	3	1	1	2	1	2	3	1	1	1	2	2	2	1	1	1	2	1	1	0	0	4	2	2	4	2	0	1	3	1	4	1	4	4	8	5	11	9	5	3	6	0	3	2	0	1	2	0	2	3	2	1	1	2	1	0	3	5	0	3	2	6	3	11	2	3	4	5	3	0	3	2	4	3	4	3	1	3	2	3	2	3	1	1	2	0	2	4	3	5	1	2	3	0	1	2	0	0	2	0	1	4	0	1	1	5	3	0	3	2	1	3	1	1	3	0
33	21	16	7	4	5	11	22	26	24	32	40	47	51	74	104	87	58	19	5	8	8	0	1	2	2	3	1	4	3	2	4	0	2	1	1	2	2	2	1	0	2	3	1	0	2	0	1	1	0	2	0	1	0	1	2	1	1	1	1	0	1	2	1	1	1	3	1	6	4	4	2	1	5	2	0	2	1	1	4	0	1	1	1	0	2	2	1	1	2	2	1	3	2	3	3	3	8	5	3	9	6	3	2	3	7	4	2	6	5	0	1	2	5	1	0	3	3	3	2	3	3	3	2	3	3	1	1	1	0	1	1	3	1	1	1	1	3	0	1	3	0	3	2	0	1	2	1	1	3
20	11	4	2	4	6	8	8	36	55	60	104	104	95	108	89	85	41	13	9	2	0	4	4	1	0	1	3	3	3	1	6	2	0	1	2	2	1	0	0	1	1	1	2	1	2	0	1	3	4	1	2	3	2	2	3	1	2	0	2	0	3	3	3	4	2	2	0	3	4	1	2	2	1	3	2	0	2	2	3	3	2	2	0	1	1	0	2	2	5	1	4	6	6	6	5	9	6	4	6	2	5	5	3	11	2	2	6	7	6	3	1	1	0	2	2	2	1	4	3	4	2	2	3	4	4	2	2	3	0	0	1	1	0	0	0	1	0	3	2	4	3	2	1	0	2	1	3	2	1
25	5	6	0	2	7	13	17	51	85	93	110	98	93	57	36	29	10	3	2	10	7	6	5	2	2	4	1	5	6	8	10	2	2	0	3	2	1	1	3	2	0	1	1	0	0	4	3	2	1	2	2	0	2	0	2	2	1	2	3	4	6	8	3	3	2	0	0	2	3	0	5	6	2	0	4	0	4	2	4	0	0	1	0	2	0	1	0	3	2	2	1	9	5	4	5	1	5	7	2	5	10	6	9	8	3	6	2	4	4	2	0	0	2	2	4	1	1	5	4	7	4	7	3	6	1	1	4	0	0	1	3	1	2	3	1	1	1	2	0	1	2	3	2	2	4	6	6	5	10
20	4	4	0	5	14	32	62	86	104	112	83	67	36	24	9	6	3	2	4	3	8	6	4	4	2	2	4	8	4	4	6	19	9	7	3	2	2	2	1	2	2	2	2	1	1	2	2	1	2	2	1	2	2	3	2	2	4	0	0	5	10	4	2	2	1	3	2	1	3	10	4	2	3	0	1	2	1	3	1	5	1	1	0	0	0	2	4	5	1	2	3	2	6	4	3	6	2	3	6	5	7	5	5	5	12	0	4	1	3	1	4	3	1	1	0	4	4	2	2	4	6	2	3	1	0	1	1	1	3	0	3	0	3	2	2	3	2	4	0	1	0	1	3	2	2	3	15	14	19
7	4	4	5	8	19	48	93	88	100	106	63	41	11	6	7	1	1	2	2	2	1	12	9	4	2	2	4	8	6	5	4	4	5	19	11	5	6	2	0	3	0	2	1	1	1	1	1	1	4	1	2	2	3	0	3	2	3	3	2	6	7	1	4	2	0	1	5	3	1	4	3	0	6	4	4	1	1	1	2	1	0	0	2	4	0	4	1	2	4	2	3	6	6	2	6	1	3	9	9	14	17	6	4	12	5	1	5	4	3	1	0	0	1	3	0	2	2	7	6	3	5	2	2	1	0	4	4	3	2	3	2	2	1	1	0	3	1	1	0	0	1	2	2	1	1	2	9	12	12
5	5	5	4	8	39	52	76	61	70	50	26	11	6	7	1	0	2	1	0	2	1	4	6	4	1	1	5	12	1	1	0	2	4	9	5	4	10	12	8	2	2	5	1	3	2	5	0	1	2	1	3	1	1	3	2	3	4	1	4	4	5	6	2	1	5	3	0	3	4	5	3	7	8	18	6	4	3	3	2	3	2	0	3	0	1	2	2	4	4	4	8	13	11	14	9	8	9	8	7	12	12	12	3	2	3	7	5	2	0	1	6	1	3	1	1	4	5	2	3	6	2	7	7	2	7	2	1	1	2	2	2	2	1	0	2	1	2	1	0	2	0	0	0	4	0	1	1	5	6
2	1	0	4	14	38	50	50	26	21	8	5	5	2	5	0	0	1	5	1	2	6	4	8	3	4	4	1	5	3	2	2	3	3	3	7	5	12	22	21	11	5	3	1	3	4	4	5	1	1	2	0	1	1	1	2	0	2	5	4	11	9	0	3	1	5	8	7	10	9	1	5	4	2	10	12	1	2	4	0	0	3	3	2	2	0	2	2	8	4	9	6	5	9	7	9	11	4	4	7	15	13	13	5	3	7	3	3	3	1	3	2	2	6	2	2	2	3	2	5	2	4	7	4	2	2	2	2	1	2	2	0	4	1	0	2	1	0	3	1	4	2	2	1	2	3	1	3	2	3
1	3	1	3	9	17	23	8	11	7	5	4	0	0	1	2	3	0	2	3	1	1	5	3	7	2	1	0	3	1	3	0	1	3	1	5	10	7	6	5	14	6	5	3	0	2	1	1	0	1	2	1	0	0	0	1	2	5	11	7	4	3	2	2	1	3	5	29	12	3	2	1	1	3	5	2	4	1	4	6	2	2	3	1	0	4	8	4	5	9	9	4	7	6	4	6	4	2	5	6	10	18	7	4	4	1	3	2	2	1	3	4	1	4	2	2	3	5	2	2	6	1	5	4	3	1	3	1	2	1	2	2	0	1	2	0	1	3	3	2	0	1	1	1	1	2	2	0	2	0
1	1	4	1	1	4	6	2	5	2	4	0	2	1	4	3	1	3	1	2	1	1	3	6	3	1	1	0	3	2	2	0	0	2	1	3	1	3	2	5	2	2	3	1	3	2	1	1	2	2	0	2	0	3	2	0	2	6	9	10	3	5	1	1	1	3	4	6	11	3	0	3	4	2	4	4	4	3	2	6	2	2	0	2	4	3	2	8	7	12	17	10	16	12	4	7	3	6	5	5	7	6	8	10	6	4	4	2	2	2	3	3	2	2	0	5	6	1	5	2	2	4	1	4	1	5	3	2	2	0	1	0	2	1	0	1	3	1	0	3	3	2	0	3	0	2	0	0	2	1
